  -4.2650516738988530E-002  -2.7388250733879946E-023
  -4.2472806252576080E-002   1.0953062305446574E-022
  -4.2295095766163630E-002   2.9167142159657233E-022
  -4.2117385279751181E-002   4.7613356283836992E-022
  -4.1939674793338731E-002   5.9160589373309883E-022
  -4.1761964306926282E-002   5.4847714558214810E-022
  -4.1584253820513832E-002   2.6262572591515712E-022
  -4.1406543334101382E-002  -3.0789292662471936E-022
  -4.1228832847688933E-002  -1.1196582959738532E-021
  -4.1051122361276483E-002  -2.0071894082361459E-021
  -4.0873411874864034E-002  -2.6713017252708482E-021
  -4.0695701388451584E-002  -2.7127583637907396E-021
  -4.0517990902039135E-002  -1.7261767184706657E-021
  -4.0340280415626685E-002   5.4531197861185072E-022
  -4.0162569929214235E-002   4.0177451701664725E-021
  -3.9984859442801786E-002   8.0884695178098938E-021
  -3.9807148956389336E-002   1.1551191726994438E-020
  -3.9629438469976887E-002   1.2694036547860645E-020
  -3.9451727983564437E-002   9.6541372055774393E-021
  -3.9274017497151988E-002   1.0468688169762442E-021
  -3.9096307010739538E-002  -1.3208215001136131E-020
  -3.8918596524327088E-002  -3.1066302491732680E-020
  -3.8740886037914639E-002  -4.7862141546285851E-020
  -3.8563175551502189E-002  -5.6528061760405366E-020
  -3.8385465065089740E-002  -4.8867981845886995E-020
  -3.8207754578677290E-002  -1.8026235834376556E-020
  -3.8030044092264841E-002   3.8088720590404567E-020
  -3.7852333605852391E-002   1.1317581913171856E-019
  -3.7674623119439941E-002   1.8997974361188144E-019
  -3.7496912633027492E-002   2.4040590026004750E-019
  -3.7319202146615042E-002   2.2983861487548580E-019
  -3.7141491660202593E-002   1.2647110320114449E-019
  -3.6963781173790143E-002  -8.4990240040319190E-020
  -3.6786070687377694E-002  -3.8792511785101929E-019
  -3.6608360200965244E-002  -7.2157583643930886E-019
  -3.6430649714552794E-002  -9.7847461063541636E-019
  -3.6252939228140345E-002  -1.0180459353702567E-018
  -3.6075228741727895E-002  -7.0050486102330913E-019
  -3.5897518255315446E-002   6.0167668682781760E-020
  -3.5719807768902996E-002   1.2333023801100241E-018
  -3.5542097282490547E-002   2.6167338602695952E-018
  -3.5364386796078097E-002   3.8153086604942601E-018
  -3.5186676309665647E-002   4.2795465497403500E-018
  -3.5008965823253198E-002   3.4237238447634856E-018
  -3.4831255336840748E-002   8.2359682464145132E-019
  -3.4653544850428299E-002  -3.5357525086739310E-018
  -3.4475834364015849E-002  -9.0266125857569984E-018
  -3.4298123877603399E-002  -1.4254877353804101E-017
  -3.4120413391190950E-002  -1.7152301058353337E-017
  -3.3942702904778500E-002  -1.5369246716941189E-017
  -3.3764992418366051E-002  -6.9868378043073896E-018
  -3.3587281931953601E-002   8.5409207434906919E-018
  -3.3409571445541152E-002   2.9438398623482872E-017
  -3.3231860959128702E-002   5.0999737418631556E-017
  -3.3054150472716252E-002   6.5728507836157330E-017
  -3.2876439986303803E-002   6.4576921300516353E-017
  -3.2698729499891353E-002   3.9418729226549279E-017
  -3.2521019013478904E-002  -1.3492614583276537E-017
  -3.2343308527066454E-002  -8.9823307556074224E-017
  -3.2165598040654005E-002  -1.7444163882774405E-016
  -3.1987887554241555E-002  -2.4119620875309139E-016
  -3.1810177067829105E-002  -2.5658552079391367E-016
  -3.1632466581416656E-002  -1.8802457552106142E-016
  -3.1454756095004206E-002  -1.6105603958146913E-017
  -3.1277045608591757E-002   2.5151893324965189E-016
  -3.1099335122179304E-002   5.6882360956499151E-016
  -3.0921624635766851E-002   8.4809367441726152E-016
  -3.0743914149354398E-002   9.6992561355676395E-016
  -3.0566203662941945E-002   8.0977267482459959E-016
  -3.0388493176529491E-002   2.7993091233828256E-016
  -3.0210782690117038E-002  -6.2027657702936471E-016
  -3.0033072203704585E-002  -1.7599910677389231E-015
  -2.9855361717292132E-002  -2.8568311931931434E-015
  -2.9677651230879679E-002  -3.5009526394723705E-015
  -2.9499940744467226E-002  -3.2366689157246271E-015
  -2.9322230258054773E-002  -1.7012739495121566E-015
  -2.9144519771642320E-002   1.1999445094883086E-015
  -2.8966809285229867E-002   5.1268742010034355E-015
  -2.8789098798817414E-002   9.2093258741156538E-015
  -2.8611388312404961E-002   1.2092479183056889E-014
  -2.8433677825992508E-002   1.2176007087876981E-014
  -2.8255967339580055E-002   8.0569488617765285E-015
  -2.8078256853167602E-002  -8.8097942493395753E-016
  -2.7900546366755149E-002  -1.3868635513025766E-014
  -2.7722835880342696E-002  -2.8349824989986557E-014
  -2.7545125393930243E-002  -4.0013200912846681E-014
  -2.7367414907517790E-002  -4.3454581119375710E-014
  -2.7189704421105337E-002  -3.3538621899409409E-014
  -2.7011993934692884E-002  -7.3156336921776295E-015
  -2.6834283448280431E-002   3.3914033488944765E-014
  -2.6656572961867978E-002   8.3039894382732692E-014
  -2.6478862475455524E-002   1.2686752609334658E-013
  -2.6301151989043071E-002   1.4782981408058539E-013
  -2.6123441502630618E-002   1.2801510256131634E-013
  -2.5945731016218165E-002   5.5190564459991113E-014
  -2.5768020529805712E-002  -7.0344652295282629E-014
  -2.5590310043393259E-002  -2.3006827841320218E-013
  -2.5412599556980806E-002  -3.8520964532158705E-013
  -2.5234889070568353E-002  -4.8076955206605041E-013
  -2.5057178584155900E-002  -4.5695667347711708E-013
  -2.4879468097743447E-002  -2.6747075141849873E-013
  -2.4701757611330994E-002   9.8558733474885297E-014
  -2.4524047124918541E-002   5.9686805168966962E-013
  -2.4346336638506088E-002   1.1183528718205173E-012
  -2.4168626152093635E-002   1.4971577452854594E-012
  -2.3990915665681182E-002   1.5417218067944018E-012
  -2.3813205179268729E-002   1.0883598147644375E-012
  -2.3635494692856276E-002   6.9057232124805107E-014
  -2.3457784206443823E-002  -1.4233614114736229E-012
  -2.3280073720031370E-002  -3.0960128040165672E-012
  -2.3102363233618917E-002  -4.4673355746585369E-012
  -2.2924652747206464E-002  -4.9472098148192547E-012
  -2.2746942260794011E-002  -3.9884356722508053E-012
  -2.2569231774381558E-002  -1.2890959959309198E-012
  -2.2391521287969104E-002   3.0007098508221771E-012
  -2.2213810801556651E-002   8.1356348975604741E-012
  -2.2036100315144198E-002   1.2770653614352158E-011
  -2.1858389828731745E-002   1.5155788351075354E-011
  -2.1680679342319292E-002   1.3548686862358632E-011
  -2.1502968855906839E-002   6.7982593662245849E-012
  -2.1325258369494386E-002  -5.0245150836278570E-012
  -2.1147547883081933E-002  -2.0139984144626266E-011
  -2.0969837396669480E-002  -3.4939880312121979E-011
  -2.0792126910257027E-002  -4.4425687594947103E-011
  -2.0614416423844574E-002  -4.3289162782013573E-011
  -2.0436705937432121E-002  -2.7538798344324454E-011
  -2.0258995451019668E-002   3.6452984638926350E-012
  -2.0081284964607215E-002   4.6350727044501806E-011
  -1.9903574478194762E-002   9.1302552312306471E-011
  -1.9725863991782309E-002   1.2474706048460587E-010
  -1.9548153505369856E-002   1.3116503688161494E-010
  -1.9370443018957403E-002   9.7650165870254730E-011
  -1.9192732532544950E-002   1.9172025309922163E-011
  -1.9015022046132497E-002  -9.6658081756693182E-011
  -1.8837311559720044E-002  -2.2708091199861971E-010
  -1.8659601073307591E-002  -3.3565248423213773E-010
  -1.8481890586895137E-002  -3.7874873174280083E-010
  -1.8304180100482684E-002  -3.1694434676873778E-010
  -1.8126469614070231E-002  -1.2943452487102756E-010
  -1.7948759127657778E-002   1.7203487881398203E-010
  -1.7771048641245325E-002   5.3445920874305814E-010
  -1.7593338154832872E-002   8.6492054950703181E-010
  -1.7415627668420419E-002   1.0453756432729504E-009
  -1.7237917182007966E-002   9.6117698936310341E-010
  -1.7060206695595513E-002   5.3925737803046721E-010
  -1.6882496209183060E-002  -2.1276071042475418E-010
  -1.6704785722770607E-002  -1.1788346078895562E-009
  -1.6527075236358154E-002  -2.1313404276131872E-009
  -1.6349364749945701E-002  -2.7626000881402826E-009
  -1.6171654263533248E-002  -2.7537268786782650E-009
  -1.5993943777120795E-002  -1.8723330708246979E-009
  -1.5816233290708342E-002  -7.8246500293282764E-011
  -1.5638522804295889E-002   2.3937757674111471E-009
  -1.5460812317883436E-002   5.0091677759221969E-009
  -1.5283101831470983E-002   6.9953016581612221E-009
  -1.5105391345058530E-002   7.5011784993263783E-009
  -1.4927680858646077E-002   5.8390322945128748E-009
  -1.4749970372233624E-002   1.7599105220922239E-009
  -1.4572259885821170E-002  -4.3125030672719728E-009
  -1.4394549399408717E-002  -1.1178862873502523E-008
  -1.4216838912996264E-002  -1.6970439694447000E-008
  -1.4039128426583811E-002  -1.9503917062830426E-008
  -1.3861417940171358E-002  -1.6858491275997211E-008
  -1.3683707453758905E-002  -8.0694196975537316E-009
  -1.3505996967346452E-002   6.2411152376556071E-009
  -1.3328286480933999E-002   2.3516307242194197E-008
  -1.3150575994521546E-002   3.9406057066797115E-008
  -1.2972865508109093E-002   4.8518338500723375E-008
  -1.2795155021696640E-002   4.5749844191539043E-008
  -1.2617444535284187E-002   2.7972284886070150E-008
  -1.2439734048871734E-002  -4.3357859546121849E-009
  -1.2262023562459281E-002  -4.6040680346270747E-008
  -1.2084313076046828E-002  -8.7409297622145955E-008
  -1.1906602589634375E-002  -1.1561409192238975E-007
  -1.1728892103221922E-002  -1.1769145133402685E-007
  -1.1551181616809469E-002  -8.4504384537149534E-008
  -1.1373471130397016E-002  -1.4801362697131266E-008
  -1.1195760643984563E-002   8.1859154974181746E-008
  -1.1018050157572110E-002   1.8458954524168540E-007
  -1.0840339671159657E-002   2.6398653403898845E-007
  -1.0662629184747204E-002   2.8846267613924867E-007
  -1.0484918698334750E-002   2.3324724805064698E-007
  -1.0307208211922297E-002   9.0114010905604765E-008
  -1.0129497725509844E-002  -1.2493808710158191E-007
  -9.9517872390973913E-003  -3.6905320102705529E-007
  -9.7740767526849383E-003  -5.7730502860962421E-007
  -9.5963662662724852E-003  -6.7570933381879236E-007
  -9.4186557798600322E-003  -6.0098208002239042E-007
  -9.2409452934475791E-003  -3.2303612299717121E-007
  -9.0632348070351261E-003   1.3584426160422916E-007
  -8.8855243206226731E-003   6.9201447974440517E-007
  -8.7078138342102200E-003   1.2074590616581500E-006
  -8.5301033477977670E-003   1.5153809641685747E-006
  -8.3523928613853139E-003   1.4620969953393465E-006
  -8.1746823749728609E-003   9.5728716666890801E-007
  -7.9969718885604078E-003   1.9767787603785060E-008
  -7.8192614021479548E-003  -1.1964127163492785E-006
  -7.6415509157355017E-003  -2.4091658260338776E-006
  -7.4638404293230487E-003  -3.2562481372466241E-006
  -7.2861299429105957E-003  -3.3810035913823650E-006
  -7.1084194564981426E-003  -2.5408319617078583E-006
  -6.9307089700856896E-003  -7.1208032843165310E-007
  -6.7529984836732365E-003   1.8412699397858238E-006
  -6.5752879972607835E-003   4.5659377529943315E-006
  -6.3975775108483304E-003   6.7038554189841974E-006
  -6.2198670244358774E-003   7.4613255439117251E-006
  -6.0421565380234243E-003   6.2353618807890987E-006
  -5.8644460516109713E-003   2.8450296461698602E-006
  -5.6867355651985182E-003  -2.3001024499510326E-006
  -5.5090250787860652E-003  -8.1617714586432817E-006
  -5.3313145923736122E-003  -1.3211521102761369E-005
  -5.1536041059611591E-003  -1.5751813378281319E-005
  -4.9758936195487061E-003  -1.4372606393978532E-005
  -4.7981831331362530E-003  -8.4433101826564853E-006
  -4.6204726467238000E-003   1.4968228907568725E-006
  -4.4427621603113469E-003   1.3592295790363507E-005
  -4.2650516738988939E-003   2.4875680693632517E-005
  -4.0873411874864408E-003   3.1852583314256834E-005
  -3.9096307010739878E-003   3.1391759924567939E-005
  -3.7319202146615343E-003   2.1735070673630554E-005
  -3.5542097282490804E-003   3.3594701609058898E-006
  -3.3764992418366265E-003  -2.0600384817938998E-005
  -3.1987887554241726E-003  -4.4603295309232661E-005
  -3.0210782690117187E-003  -6.1720053692185977E-005
  -2.8433677825992648E-003  -6.5309613446929248E-005
  -2.6656572961868109E-003  -5.1022325750233876E-005
  -2.4879468097743569E-003  -1.8622665656918979E-005
  -2.3102363233619030E-003   2.6946154720888407E-005
  -2.1325258369494491E-003   7.5749760131292622E-005
  -1.9548153505369952E-003   1.1454726719626406E-004
  -1.7771048641245411E-003   1.2983729285913771E-004
  -1.5993943777120869E-003   1.1169883188671776E-004
  -1.4216838912996326E-003   5.7494930486704955E-005
  -1.2439734048871783E-003  -2.5670354684213887E-005
  -1.0662629184747237E-003  -1.2074458054209630E-004
  -8.8855243206226956E-004  -2.0334710030194553E-004
  -7.1084194564981532E-004  -2.4710352737417838E-004
  -5.3313145923736098E-004  -2.3076580565915581E-004
  -3.5542097282490544E-004  -1.4546062514328586E-004
  -1.7771048641244947E-004   5.9515645677101313E-018
   6.5246947926998755E-018   1.7771048641246093E-004
   1.7771048641246391E-004   3.4443451789842073E-004
   3.4443451789842159E-004   4.5059022148032140E-004
   4.5059022148031901E-004   4.5301064503240179E-004
   4.5301064503240087E-004   3.2862884207328228E-004
   3.2862884207328092E-004   8.5356678042211963E-005
   8.5356678042213427E-005  -2.3356232750484541E-004
  -2.3356232750484319E-004  -5.5435692683322062E-004
  -5.5435692683321813E-004  -7.8724136328986265E-004
  -7.8724136328985333E-004  -8.4851747587584786E-004
  -8.4851747587585057E-004  -6.8552757177626285E-004
  -6.8552757177626296E-004  -2.9792576951761135E-004
  -2.9792576951760393E-004   2.5154791546442250E-004
   2.5154791546443800E-004   8.4198961229093781E-004
   8.4198961229091872E-004   1.3167132370609943E-003
   1.3167132370609823E-003   1.5202254172757097E-003
   1.5202254172757099E-003   1.3421969445906712E-003
   1.3421969445906888E-003   7.5734234335927768E-004
   7.5734234335931292E-004  -1.5088820770005860E-004
  -1.5088820770006370E-004  -1.1926504446760984E-003
  -1.1926504446760485E-003  -2.1044343789116469E-003
  -2.1044343789116252E-003  -2.6087471635337649E-003
  -2.6087471635337540E-003  -2.4890287266267235E-003
  -2.4890287266267339E-003  -1.6615574354214898E-003
  -1.6615574354214876E-003  -2.2354273666285728E-004
  -2.2354273666285254E-004   1.5405311963431914E-003
   1.5405311963432092E-003   3.2037667603895103E-003
   3.2037667603894617E-003   4.2896664345901774E-003
   4.2896664345901565E-003   4.3955517102002763E-003
   4.3955517102002937E-003   3.3175127938383535E-003
   3.3175127938383235E-003   1.1422021231160728E-003
   1.1422021231160917E-003  -1.7260373317862796E-003
  -1.7260373317862904E-003  -4.6216032286983651E-003
  -4.6216032286983460E-003  -6.7563881139783644E-003
  -6.7563881139782863E-003  -7.4163607267940584E-003
  -7.4163607267939890E-003  -6.1711172566078299E-003
  -6.1711172566079253E-003  -3.0403170909377264E-003
  -3.0403170909377706E-003   1.4364748016269318E-003
   1.4364748016268908E-003   6.2619929380100560E-003
   6.2619929380098582E-003   1.0180048981087389E-002
   1.0180048981087448E-002   1.1978138588368116E-002
   1.1978138588368093E-002   1.0826950254651984E-002
   1.0826950254651930E-002   6.5688307715150752E-003
   6.5688307715150674E-003  -1.3259670289709176E-004
  -1.3259670289703351E-004  -7.8448474323664624E-003
  -7.8448474323662282E-003  -1.4638145359550677E-002
  -1.4638145359550507E-002  -1.8535286537469560E-002
  -1.8535286537469484E-002  -1.8043363469905573E-002
  -1.8043363469905756E-002  -1.2633621757708300E-002
  -1.2633621757708350E-002  -3.0298532345190326E-003
  -3.0298532345192490E-003   8.8023572273334891E-003
   8.8023572273334110E-003   2.0006772265849147E-002
   2.0006772265849213E-002   2.7481664292173726E-002
   2.7481664292173406E-002   2.8685079534916742E-002
   2.8685079534916356E-002   2.2403057854822453E-002
   2.2403057854822314E-002   9.2657543463568661E-003
   9.2657543463567551E-003  -8.1648057314743089E-003
  -8.1648057314742135E-003  -2.5818896106988672E-002
  -2.5818896106988114E-002  -3.9010217853413388E-002
  -3.9010217853412958E-002  -4.3615226015028631E-002
  -4.3615226015028687E-002  -3.7258988368394037E-002
  -3.7258988368394287E-002  -2.0186397560356836E-002
  -2.0186397560357207E-002   4.4592402537947020E-003
   4.4592402537942093E-003   3.1103267814848595E-002
   3.1103267814848796E-002   5.2922371999689868E-002
   5.2922371999689771E-002   6.3514482077009618E-002
   6.3514482077009410E-002   5.8666100916801855E-002
   5.8666100916800946E-002   3.7751910348103754E-002
   3.7751910348104538E-002   4.3434281374381519E-003
   4.3434281374375473E-003  -3.4234213505020629E-002
  -3.4234213505019540E-002  -6.8405281965927517E-002
  -6.8405281965928474E-002  -8.8628529581928420E-002
  -8.8628529581927989E-002  -8.7942379379252505E-002
  -8.7942379379251270E-002  -6.4116818055465055E-002
  -6.4116818055464750E-002  -2.0788954235133595E-002
  -2.0788954235133539E-002   3.2838276216735206E-002
   3.2838276216735025E-002   8.3815503623095283E-002
   8.3815503623092757E-002  0.11846637534613529     
  0.11846637534613405       0.12593137924698353     
  0.12593137924698405       0.10134588042948925     
  0.10134588042948912        4.7764528375615782E-002
   4.7764528375616559E-002  -2.3814105356125225E-002
  -2.3814105356126443E-002  -9.6527746171786777E-002
  -9.6527746171783668E-002 -0.15149852157651642     
 -0.15149852157651356      -0.17260483133926946     
 -0.17260483133926946      -0.15100095169027086     
 -0.15100095169027072       -8.8158700222669348E-002
  -8.8158700222671721E-002   3.5205801846356745E-003
   3.5205801846319284E-003  0.10292006037387701     
  0.10292006037387030       0.18492915855830416     
  0.18492915855830766       0.22665753282178278     
  0.22665753282178258       0.21363507844799404     
  0.21363507844799021       0.14435779003295604     
  0.14435779003295732        3.1830714352230081E-002
   3.1830714352229263E-002  -9.8564076045120436E-002
  -9.8564076045121268E-002 -0.21463153445838309     
 -0.21463153445838168      -0.28518727808340044     
 -0.28518727808339928      -0.28827142343982332     
 -0.28827142343982420      -0.21762438022103900     
 -0.21762438022103336       -8.5580948337254867E-002
  -8.5580948337252619E-002   7.8664417031062694E-002
   7.8664417031064443E-002  0.23533082124408317     
  0.23533082124407750       0.34356949277104487     
  0.34356949277104276       0.37198110327850253     
  0.37198110327850314       0.30745336312636956     
  0.30745336312636623       0.15988377587035513     
  0.15988377587036520       -3.8743765163608779E-002
  -3.8743765163605247E-002 -0.24108734886215355     
 -0.24108734886214317      -0.39562809739970944     
 -0.39562809739970634      -0.45969202398379644     
 -0.45969202398379566      -0.41104291964544909     
 -0.41104291964544998      -0.25493438153047782     
 -0.25493438153049203       -2.4494724429474896E-002
  -2.4494724429486036E-002  0.22607474888936741     
  0.22607474888935064       0.43416405389615287     
  0.43416405389614099       0.54434776146012409     
  0.54434776146012087       0.52303566271507840     
  0.52303566271509261       0.36832959806679949     
  0.36832959806679233       0.11226367501473787     
  0.11226367501472834      -0.18557114023662458     
 -0.18557114023663368      -0.45183255379061577     
 -0.45183255379061404      -0.61748505398285114     
 -0.61748505398284959      -0.63566551232607882     
 -0.63566551232608082      -0.49473721576443508     
 -0.49473721576442503      -0.22293319488281355     
 -0.22293319488281066       0.11700477918513148     
  0.11700477918513938       0.44227107774720664     
  0.44227107774720370       0.67021459825157159     
  0.67021459825156693       0.73938346875489258     
  0.73938346875489291       0.62602476453742073     
  0.62602476453741918       0.35161837206760138     
  0.35161837206760821       -2.0841700210980810E-002
  -2.0841700210971849E-002 -0.40129530728910962     
 -0.40129530728909341      -0.69448873286681712     
 -0.69448873286681145      -0.82393766478254904     
 -0.82393766478254726      -0.75192280738306350     
 -0.75192280738306816      -0.49027566775799630     
 -0.49027566775800452       -9.8906475573107097E-002
  -9.8906475573115660E-002  0.32792423662479508     
  0.32792423662478937       0.68444703824744901     
  0.68444703824744413       0.87977048001155000     
  0.87977048001154468       0.86118645214353784     
  0.86118645214353795       0.62838293832546810     
  0.62838293832548953       0.23472877657133820     
  0.23472877657135988      -0.22499231774357828     
 -0.22499231774355716      -0.63757557045288249     
 -0.63757557045286428      -0.89949778087321808     
 -0.89949778087321808      -0.94309652074899586     
 -0.94309652074898709      -0.75415404615053494     
 -0.75415404615054027      -0.37628796464719527     
 -0.37628796464719072        9.9165462213003541E-002
   9.9165462213007469E-002  0.55541973700542402     
  0.55541973700542147       0.87918297336138751     
  0.87918297336138107       0.98904169728692826     
  0.98904169728692892       0.85610945773791736     
  0.85610945773791236       0.51165857030401019     
  0.51165857030401951        3.9708171606876272E-002
   3.9708171606873469E-002 -0.44366210706577180     
 -0.44366210706577480      -0.81913263398303360     
 -0.81913263398303537      -0.99387619927588766     
 -0.99387619927588489      -0.92472455254667207     
 -0.92472455254667263      -0.62893362617731707     
 -0.62893362617733539      -0.17983777579742422     
 -0.17983777579742197       0.31150255819440847     
  0.31150255819441325       0.72402447684322135     
  0.72402447684321580       0.95677278417928313     
  0.95677278417927625       0.95383831223497373     
  0.95383831223497262       0.71790710730616669     
  0.71790710730618112       0.30910837830054361     
  0.30910837830055221      -0.17042914315106383     
 -0.17042914315105478      -0.60231506330953777     
 -0.60231506330951778      -0.88138700072828491     
 -0.88138700072826970      -0.94154188069734912     
 -0.94154188069734779      -0.77150907415978220     
 -0.77150907415979975      -0.41677505052026820     
 -0.41677505052025005        3.2604357897897021E-002
   3.2604357897913890E-002  0.46502988017324876     
  0.46502988017325331       0.77529323315259979     
  0.77529323315261156       0.89037289583169898     
  0.89037289583169854       0.78671823739506574     
  0.78671823739506141       0.49490940698835317     
  0.49490940698835079        9.0823950160533934E-002
   9.0823950160529549E-002 -0.32417125099090327     
 -0.32417125099089250      -0.64880893131300554     
 -0.64880893131301087      -0.80679066091696683     
 -0.80679066091696527      -0.76479076521512179     
 -0.76479076521511535      -0.53933236500203041     
 -0.53933236500203507      -0.19116773684036961     
 -0.19116773684037461       0.19105489724610694     
  0.19105489724610381       0.51344945941336495     
  0.51344945941335662       0.70005976110216328     
  0.70005976110216039       0.71079410216043415     
  0.71079410216043637       0.54988609742815930     
  0.54988609742817707       0.26314638029150517     
  0.26314638029150766       -7.4885513421906760E-002
  -7.4885513421905470E-002 -0.38032027776616556     
 -0.38032027776615540      -0.58078596733690524     
 -0.58078596733689802      -0.63258027280168649     
 -0.63258027280168816      -0.53004546840049727     
 -0.53004546840050004      -0.30520436968977305     
 -0.30520436968977921       -1.8190807065689801E-002
  -1.8190807065705993E-002  0.25874236456783084     
  0.25874236456781508       0.45940040059434623     
  0.45940040059433707       0.53943753516268866     
  0.53943753516268877       0.48600550494603789     
  0.48600550494603334       0.31920869572299043     
  0.31920869572298793        8.5440439692304790E-002
   8.5440439692310216E-002 -0.15532928087647957     
 -0.15532928087648201      -0.34486778390844519     
 -0.34486778390844686      -0.44069929808181862     
 -0.44069929808181763      -0.42547313138571036     
 -0.42547313138570952      -0.30966070251863259     
 -0.30966070251863365      -0.12731994401822966     
 -0.12731994401822691        7.3616083513964342E-002
   7.3616083513967728E-002  0.24381457838332093     
  0.24381457838331821       0.34456167216104028     
  0.34456167216103872       0.35642044205731832     
  0.35642044205731988       0.28263611200396271     
  0.28263611200396749       0.14680803277302587     
  0.14680803277302534       -1.4215611924746829E-002
  -1.4215611924747615E-002 -0.16016011354023066     
 -0.16016011354022891      -0.25728131778344321     
 -0.25728131778343977      -0.28602428285329107     
 -0.28602428285329157      -0.24468653562196704     
 -0.24468653562197196      -0.14848880510906404     
 -0.14848880510906604       -2.4622036366574073E-002
  -2.4622036366576869E-002   9.5220792441262636E-002
   9.5220792441260138E-002  0.18282065206707374     
  0.18282065206707207       0.21994023917354005     
  0.21994023917353914       0.20190064707349098     
  0.20190064707349084       0.13759493976104667     
  0.13759493976105350        4.6225783164165229E-002
   4.6225783164160893E-002  -4.8171418788702257E-002
  -4.8171418788702847E-002 -0.12290747977366809     
 -0.12290747977366837      -0.16196451526826941     
 -0.16196451526826944      -0.15925159315231191     
 -0.15925159315231305      -0.11918359299430720     
 -0.11918359299430639       -5.4679654210809933E-002
  -5.4679654210808011E-002   1.6704062347781927E-002
   1.6704062347782357E-002   7.7403681625924564E-002
   7.7403681625924828E-002  0.11405072301785626     
  0.11405072301785567       0.12027353484681078     
  0.12027353484680962        9.7552450131947202E-002
   9.7552450131947813E-002   5.4107315838315836E-002
   5.4107315838315059E-002   2.2749874846063217E-003
   2.2749874846070342E-003  -4.4843929616443436E-002
  -4.4843929616441472E-002  -7.6588912944903484E-002
  -7.6588912944902193E-002  -8.7036841310353649E-002
  -8.7036841310353705E-002  -7.5930700656740319E-002
  -7.5930700656740208E-002  -4.8155334567320719E-002
  -4.8155334567321857E-002  -1.2035880080500640E-002
  -1.2035880080501517E-002   2.3009302683301033E-002
   2.3009302683300918E-002   4.8828871891827635E-002
   4.8828871891827386E-002   6.0343048852721938E-002
   6.0343048852721820E-002   5.6418380495923522E-002
   5.6418380495923702E-002   3.9703340541806978E-002
   3.9703340541807915E-002   1.5578049823629489E-002
   1.5578049823629864E-002  -9.4317302511551949E-003
  -9.4317302511547109E-003  -2.9335821044118138E-002
  -2.9335821044117291E-002  -4.0041943478788131E-002
  -4.0041943478787853E-002  -4.0108697076419675E-002
  -4.0108697076419675E-002  -3.0778731769781593E-002
  -3.0778731769780937E-002  -1.5367729679660821E-002
  -1.5367729679659737E-002   1.7688981252523745E-003
   1.7688981252529340E-003   1.6394131512803101E-002
   1.6394131512803209E-002   2.5380048888386790E-002
   2.5380048888386842E-002   2.7314125343709240E-002
   2.7314125343709306E-002   2.2622752114201412E-002
   2.2622752114201707E-002   1.3241635016743615E-002
   1.3241635016743688E-002   1.9679646326032372E-003
   1.9679646326033183E-003  -8.3110314751050872E-003
  -8.3110314751046327E-003  -1.5313199293196026E-002
  -1.5313199293195752E-002  -1.7823828123688244E-002
  -1.7823828123688212E-002  -1.5844633118951127E-002
  -1.5844633118951318E-002  -1.0434241699581117E-002
  -1.0434241699581176E-002  -3.3184364320599873E-003
  -3.3184364320601265E-003   3.6065932529813663E-003
   3.6065932529810094E-003   8.7453029776132334E-003
   8.7453029776130356E-003   1.1139215169316350E-002
   1.1139215169316312E-002   1.0606593770213578E-002
   1.0606593770213696E-002   7.6787485194098545E-003
   7.6787485194099135E-003   3.3759410387169753E-003
   3.3759410387169905E-003  -1.1016213923156484E-003
  -1.1016213923155729E-003  -4.6823112493734730E-003
  -4.6823112493733993E-003  -6.6577183634735568E-003
  -6.6577183634735030E-003  -6.7979484592212121E-003
  -6.7979484592212537E-003  -5.3370830877140490E-003
  -5.3370830877140993E-003  -2.8508336485101415E-003
  -2.8508336485101359E-003  -7.1031117888935638E-005
  -7.1031117888852805E-005   2.3097573304768529E-003
   2.3097573304768533E-003   3.7955824996042096E-003
   3.7955824996042096E-003   4.1746322859333006E-003
   4.1746322859332998E-003   3.5264744553499985E-003
   3.5264744553500046E-003   2.1592945994358850E-003
   2.1592945994358213E-003   5.0257027134431478E-004
   5.0257027134424669E-004  -1.0125779786367489E-003
  -1.0125779786366714E-003  -2.0550691814560855E-003
  -2.0550691814560430E-003  -2.4561995077163204E-003
  -2.4561995077163109E-003  -2.2239243890451806E-003
  -2.2239243890452040E-003  -1.5131780072306195E-003
  -1.5131780072306310E-003  -5.6616163889195651E-004
  -5.6616163889197690E-004   3.5849868335666103E-004
   3.5849868335664737E-004   1.0491588724136853E-003
   1.0491588724136558E-003   1.3832843583114014E-003
   1.3832843583113914E-003   1.3417370689497183E-003
   1.3417370689497283E-003   9.9634467083487932E-004
   9.9634467083488626E-004   4.7805168825946722E-004
   4.7805168825946570E-004  -6.3618254348410158E-005
  -6.3618254348402217E-005  -4.9875426528646501E-004
  -4.9875426528644994E-004  -7.4425037683013167E-004
  -7.4425037683012452E-004  -7.7539879604975905E-004
  -7.7539879604976447E-004  -6.2176306022292138E-004
  -6.2176306022292854E-004  -3.5096721250303984E-004
  -3.5096721250303984E-004  -4.6293383530849392E-005
  -4.6293383530856012E-005   2.1555237955993552E-004
   2.1555237955992655E-004   3.8127613459587400E-004
   3.8127613459586841E-004   4.2938793989278094E-004
   4.2938793989278208E-004   3.6963733398391162E-004
   3.6963733398390848E-004   2.3519619305842958E-004
   2.3519619305842308E-004   7.0715639457550540E-005
   7.0715639457542774E-005  -8.0188776656575964E-005
  -8.0188776656582469E-005  -1.8496461223614232E-004
  -1.8496461223614508E-004  -2.2774008399079862E-004
  -2.2774008399079854E-004  -2.1000040990509645E-004
  -2.1000040990509450E-004  -1.4705974256586248E-004
  -1.4705974256585809E-004  -6.1928899783096020E-005
  -6.1928899783092199E-005   2.1495506520006243E-005
   2.1495506520009495E-005   8.4187559199649516E-005
   8.4187559199651047E-005   1.1553101793782026E-004
   1.1553101793781805E-004   1.1421916721180652E-004
   1.1421916721180680E-004   8.6798048140925767E-005
   8.6798048140927230E-005   4.4641017514029616E-005
   4.4641017514030077E-005   3.6562091195813612E-007
   3.6562091195919502E-007  -3.5355824443691799E-005
  -3.5355824443690952E-005  -5.5915156005620148E-005
  -5.5915156005619524E-005  -5.9523236081531351E-005
  -5.9523236081531141E-005  -4.8686760687417259E-005
  -4.8686760687418011E-005  -2.8778961856877489E-005
  -2.8778961856877896E-005  -6.2182840197156547E-006
  -6.2182840197158385E-006   1.3238647682336065E-005
   1.3238647682335635E-005   2.5710046649112185E-005
   2.5710046649112046E-005   2.9720196724532514E-005
   2.9720196724532589E-005   2.6059745296530965E-005
   2.6059745296531199E-005   1.7142488900566257E-005
   1.7142488900566318E-005   6.1116202410704953E-006
   6.1116202410706342E-006  -4.0433170536588466E-006
  -4.0433170536592532E-006  -1.1152967331315060E-005
  -1.1152967331315211E-005  -1.4205489074006056E-005
  -1.4205489074006051E-005  -1.3342865803618409E-005
  -1.3342865803618333E-005  -9.5874613357654520E-006
  -9.5874613357651623E-006  -4.4191456039955154E-006
  -4.4191456039952554E-006   6.6631862045228433E-007
   6.6631862045244484E-007   4.5097497642639498E-006
   4.5097497642639828E-006   6.4876666322181828E-006
   6.4876666322181820E-006   6.5435946142414337E-006
   6.5435946142414328E-006   5.0798174184166499E-006
   5.0798174184165872E-006   2.7648114168177325E-006
   2.7648114168178498E-006   3.1974041071257931E-007
   3.1974041071275719E-007  -1.6612455612662873E-006
  -1.6612455612662134E-006  -2.8219352942209214E-006
  -2.8219352942208867E-006  -3.0750441789414252E-006
  -3.0750441789414396E-006  -2.5634118707524854E-006
  -2.5634118707525049E-006  -1.5758290643107679E-006
  -1.5758290643107649E-006  -4.4727811692543385E-007
  -4.4727811692546297E-007   5.2950237078262042E-007
   5.2950237078258252E-007   1.1628425964454943E-006
   1.1628425964454744E-006   1.3841231330422220E-006
   1.3841231330422231E-006   1.2359937537322685E-006
   1.2359937537322871E-006   8.3719314809502929E-007
   8.3719314809502485E-007   3.3752748011172147E-007
   3.3752748011173487E-007  -1.2417301917138642E-007
  -1.2417301917137623E-007  -4.4991128293422591E-007
  -4.4991128293421696E-007  -5.9596112029947388E-007
  -5.9596112029947261E-007  -5.7049704997755540E-007
  -5.7049704997756186E-007  -4.1961947634680096E-007
  -4.1961947634679249E-007  -2.0774858027469205E-007
  -2.0774858027468360E-007   1.6937804798181301E-009
   1.6937804798265931E-009   1.6083944694947526E-007
   1.6083944694947529E-007   2.4486109370855453E-007
   2.4486109370855458E-007   2.5229467844802793E-007
   2.5229467844802793E-007   1.9981472892713395E-007
   1.9981472892713194E-007   1.1400710558648493E-007
   1.1400710558647949E-007   2.2788789598353215E-008
   2.2788789598350042E-008  -5.1423661472839366E-008
  -5.1423661472840008E-008  -9.5610785124224776E-008
  -9.5610785124224763E-008  -1.0690339830273928E-007
  -1.0690339830273876E-007  -9.0775965343281381E-008
  -9.0775965343282453E-008  -5.7726794772790938E-008
  -5.7726794772791156E-008  -1.9594610773298457E-008
  -1.9594610773299026E-008   1.3533471122042099E-008
   1.3533471122041658E-008   3.5240935552860536E-008
   3.5240935552859907E-008   4.3366021707123376E-008
   4.3366021707123390E-008   3.9444237808364661E-008
   3.9444237808365250E-008   2.7424082112753596E-008
   2.7424082112753821E-008   1.2139273683386321E-008
   1.2139273683386651E-008  -2.0422967323470282E-009
  -2.0422967323467184E-009  -1.2119624692305273E-008
  -1.2119624692304874E-008  -1.6811299116990034E-008
  -1.6811299116989964E-008  -1.6415763721499399E-008
  -1.6415763721499578E-008  -1.2337142337293920E-008
  -1.2337142337294008E-008  -6.4734437093643705E-009
  -6.4734437093643689E-009  -6.4625951561670203E-010
  -6.4625951561680667E-010   3.8045720079373903E-009
   3.8045720079372348E-009   6.2085321544512278E-009
   6.2085321544510334E-009   6.5464465739776023E-009
   6.5464465739776213E-009   5.2845695776237321E-009
   5.2845695776238619E-009   3.1383093149001047E-009
   3.1383093149002218E-009   8.3957748738238105E-010
   8.3957748738255497E-010  -1.0384525948529605E-009
  -1.0384525948527928E-009  -2.1730660813503415E-009
  -2.1730660813503121E-009  -2.5006939232016862E-009
  -2.5006939232016928E-009  -2.1625402550926151E-009
  -2.1625402550926528E-009  -1.4167235971792961E-009
  -1.4167235971793110E-009  -5.4654898072506728E-010
  -5.4654898072516561E-010   2.1246353563018265E-010
   2.1246353563009595E-010   7.1465992519881128E-010
   7.1465992519878501E-010   9.1386856095156393E-010
   9.1386856095156373E-010   8.4707344200777835E-010
   8.4707344200777246E-010   6.0303213040214338E-010
   6.0303213040212601E-010   2.8732870464519726E-010
   2.8732870464518098E-010  -6.9348766617397250E-012
  -6.9348766617496528E-012  -2.1745327858366983E-010
  -2.1745327858367203E-010  -3.1874964812979163E-010
  -3.1874964812979163E-010  -3.1789444437251612E-010
  -3.1789444437251617E-010  -2.4377561602730090E-010
  -2.4377561602729335E-010  -1.3423941025036095E-010
  -1.3423941025035601E-010  -2.4724948735114725E-011
  -2.4724948735110831E-011   5.9347123192637654E-011
   5.9347123192638959E-011   1.0569134251748742E-010
   1.0569134251748741E-010   1.1430974859573881E-010
   1.1430974859573857E-010   9.3998722635208598E-011
   9.3998722635207926E-011   5.7782922981138648E-011
   5.7782922981136592E-011   1.8657554790524298E-011
   1.8657554790522747E-011  -1.3445006021340179E-011
  -1.3445006021340845E-011  -3.3098922562629007E-011
  -3.3098922562629168E-011  -3.9354273219222168E-011
  -3.9354273219222175E-011  -3.4663361712927972E-011
  -3.4663361712927978E-011  -2.3318161989242347E-011
  -2.3318161989241798E-011  -9.9090081235055477E-012
  -9.9090081235050711E-012   1.8379632161602457E-012
   1.8379632161606327E-012   9.6805480047303636E-012
   9.6805480047305236E-012   1.2949641142682690E-011
   1.2949641142682690E-011   1.2242193462409809E-011
   1.2242193462409796E-011   8.9068451058181471E-012
   8.9068451058182585E-012   4.5047722585733200E-012
   4.5047722585734379E-012   3.8038977820127094E-013
   3.8038977820132350E-013  -2.5892627208050090E-012
  -2.5892627208048923E-012  -4.0603732909654169E-012
  -4.0603732909653919E-012  -4.1429789999379247E-012
  -4.1429789999379699E-012  -3.2385399215328208E-012
  -3.2385399215328559E-012  -1.8577554415083995E-012
  -1.8577554415084524E-012  -4.6762499221648927E-013
  -4.6762499221651502E-013   6.0491463410727292E-013
   6.0491463410723142E-013   1.2071071505131800E-012
   1.2071071505131641E-012   1.3430652048769677E-012
   1.3430652048769720E-012   1.1247701276589698E-012
   1.1247701276589936E-012   7.1264172937141878E-013
   7.1264172937143231E-013   2.6292937905946056E-013
   2.6292937905946056E-013  -1.0772014722363589E-013
  -1.0772014722363102E-013  -3.3741758503332208E-013
  -3.3741758503331471E-013  -4.1657801870484433E-013
  -4.1657801870484004E-013  -3.7388834628427858E-013
  -3.7388834628428585E-013  -2.5761066637573520E-013
  -2.5761066637574378E-013  -1.1810053648334232E-013
  -1.1810053648335212E-013   4.6979754458477532E-015
   4.6979754458406061E-015   8.7374697792555631E-014
   8.7374697792547919E-014   1.2334451955802035E-013
   1.2334451955801994E-013   1.1907240226238463E-013
   1.1907240226238617E-013   8.8409478612861182E-014
   8.8409478612862003E-014   4.6980444401248162E-014
   4.6980444401248673E-014   7.9369497212755681E-015
   7.9369497212804196E-015  -2.0350065207729847E-014
  -2.0350065207726272E-014  -3.4729724116362354E-014
  -3.4729724116361710E-014  -3.6335160688536819E-014
  -3.6335160688537457E-014  -2.8934980441960044E-014
  -2.8934980441960044E-014  -1.7192490983132459E-014
  -1.7192490983132027E-014  -5.2757158911486111E-015
  -5.2757158911481070E-015   3.9650230413135600E-015
   3.9650230413136074E-015   9.2404102843587994E-015
   9.2404102843587994E-015   1.0616549173223071E-014
   1.0616549173223071E-014   9.0554565996049594E-015
   9.0554565996049594E-015   5.8937204578868686E-015
   5.8937204578866824E-015   2.4034904206539115E-015
   2.4034904206537691E-015  -4.8681739927075604E-016
  -4.8681739927085060E-016  -2.2981996660019766E-015
  -2.2981996660020247E-015  -2.9652294709299561E-015
  -2.9652294709299561E-015  -2.7140060770450844E-015
  -2.7140060770450367E-015  -1.9115058381363719E-015
  -1.9115058381363005E-015  -9.3169647684435677E-016
  -9.3169647684430964E-016  -6.4711026808155558E-017
  -6.4711026808131967E-017   5.2366277398078994E-016
   5.2366277398079961E-016   7.8936670274466999E-016
   7.8936670274466989E-016   7.7942216269680843E-016
   7.7942216269680291E-016   5.8997964023926964E-016
   5.8997964023925179E-016   3.2687805444959795E-016
   3.2687805444958887E-016   7.7270174932714271E-017
   7.7270174932705692E-017  -1.0466760340161988E-016
  -1.0466760340162226E-016  -1.9931534401002670E-016
  -1.9931534401002663E-016  -2.1442952517579716E-016
  -2.1442952517579677E-016  -1.7390611226123373E-016
  -1.7390611226123708E-016  -1.0655726347911416E-016
  -1.0655726347911466E-016  -3.7577162625306787E-017
  -3.7577162625307995E-017   1.6188794373974683E-017
   1.6188794373973753E-017   4.7351507074332647E-017
   4.7351507074332043E-017   5.6448977591036074E-017
   5.6448977591036222E-017   4.9058689040200003E-017
   4.9058689040200749E-017   3.2713365176436048E-017
   3.2713365176436264E-017   1.4426177767284898E-017
   1.4426177767285197E-017  -7.9496995222254001E-019
  -7.9496995222219247E-019  -1.0434125862592667E-017
  -1.0434125862592441E-017  -1.4188311988384051E-017
  -1.4188311988384018E-017  -1.3258446928530144E-017
  -1.3258446928530241E-017  -9.5313154547766154E-018
  -9.5313154547767849E-018  -4.8869818058098555E-018
  -4.8869818058100921E-018  -7.5328031184592602E-019
  -7.5328031184618217E-019   2.0733504263379478E-018
   2.0733504263377572E-018   3.3922940593970576E-018
   3.3922940593969505E-018   3.4333895508912300E-018
   3.4333895508912511E-018   2.6477342354849963E-018
   2.6477342354850160E-018   1.5205266375626121E-018
   1.5205266375626696E-018   4.4298031052029352E-019
   4.4298031052036054E-019  -3.4714436997078892E-019
  -3.4714436997073687E-019  -7.6679824146115580E-019
  -7.6679824146111940E-019  -8.5138159379999486E-019
  -8.5138159379999062E-019  -7.0323825798779083E-019
  -7.0323825798780489E-019  -4.4280956752690154E-019
  -4.4280956752690982E-019  -1.7322892745005139E-019
  -1.7322892745006845E-019   3.8016081430667453E-020
   3.8016081430654321E-020   1.6216438444707616E-019
   1.6216438444707027E-019   2.0183821377903050E-019
   2.0183821377903045E-019   1.7886106462780342E-019
   1.7886106462780802E-019   1.2194648899012416E-019
   1.2194648899012096E-019   5.7271240710022715E-020
   5.7271240710021487E-020   3.1415966339707651E-021
   3.1415966339693221E-021  -3.1473069016931736E-020
  -3.1473069016931929E-020  -4.5617145371365979E-020
  -4.5617145371365979E-020  -4.3589888442103777E-020
  -4.3589888442103777E-020  -3.1950131497947124E-020
  -3.1950131497946065E-020  -1.7095649813281419E-020
  -1.7095649813280935E-020  -3.7871767228570663E-021
  -3.7871767228565848E-021   5.3797429183714712E-021
   5.3797429183715186E-021   9.7827005608267956E-021
   9.7827005608267956E-021   1.0177079550482041E-020
   1.0177079550482041E-020   7.9931371239936651E-021
   7.9931371239934303E-021   4.7360856892818611E-021
   4.7360856892817437E-021   1.5953912507650140E-021
   1.5953912507649176E-021  -7.2138033772485980E-022
  -7.2138033772487221E-022  -1.9751482493472595E-021
  -1.9751482493472595E-021  -2.2738574284892798E-021
  -2.2738574284892794E-021  -1.9135641930191807E-021
  -1.9135641930191811E-021  -1.2348778336230227E-021
  -1.2348778336229934E-021  -5.2368674666172786E-022
  -5.2368674666168930E-022   3.6729987189737196E-023
   3.6729987189759736E-023   3.7032345336412302E-022
   3.7032345336412471E-022   4.8515758775531026E-022
   4.8515758775531026E-022   4.3886159976598056E-022
   4.3886159976598056E-022   3.0545830582626016E-022
   3.0545830582625885E-022   1.5109436857636773E-022
   1.5109436857636390E-022   2.1117621324707500E-023
   2.1117621324703585E-023  -6.2766937134597522E-023
