  -5.6867355651984496E-002  -4.2536721088690757E-032
  -5.6689645165572046E-002  -8.1672745842378560E-032
  -5.6511934679159596E-002  -1.1590943152718413E-031
  -5.6334224192747147E-002  -1.2574078331538367E-031
  -5.6156513706334697E-002  -8.6847429109862897E-032
  -5.5978803219922248E-002   2.2787184842042225E-032
  -5.5801092733509798E-002   2.1105998524864224E-031
  -5.5623382247097349E-002   4.5680608393980055E-031
  -5.5445671760684899E-002   6.9598469785740314E-031
  -5.5267961274272449E-002   8.1613356226109224E-031
  -5.5090250787860000E-002   6.6818450975509401E-031
  -5.4912540301447550E-002   1.0412598784994180E-031
  -5.4734829815035101E-002  -9.5591625930624922E-031
  -5.4557119328622651E-002  -2.4340091162901006E-030
  -5.4379408842210201E-002  -4.0044937723866279E-030
  -5.4201698355797752E-002  -5.0438164781826341E-030
  -5.4023987869385302E-002  -4.6736552489473543E-030
  -5.3846277382972853E-002  -1.9510598273316567E-030
  -5.3668566896560403E-002   3.7643592850095955E-030
  -5.3490856410147954E-002   1.2291595341243582E-029
  -5.3313145923735504E-002   2.2070179081264030E-029
  -5.3135435437323054E-002   2.9779478312592695E-029
  -5.2957724950910605E-002   3.0440199732976132E-029
  -5.2780014464498155E-002   1.8323867188411297E-029
  -5.2602303978085706E-002  -1.1110997711180322E-029
  -5.2424593491673256E-002  -5.8322451076364341E-029
  -5.2246883005260807E-002  -1.1636763743787790E-028
  -5.2069172518848357E-002  -1.6829736185685509E-028
  -5.1891462032435907E-002  -1.8694124131777505E-028
  -5.1713751546023458E-002  -1.3898266869230630E-028
  -5.1536041059611008E-002   5.2216835417722966E-030
  -5.1358330573198559E-002   2.5603620440982697E-028
  -5.1180620086786109E-002   5.8560000814941176E-028
  -5.1002909600373660E-002   9.1126057980767500E-028
  -5.0825199113961210E-002   1.0903294471633569E-027
  -5.0647488627548760E-002   9.3682874353109449E-028
  -5.0469778141136311E-002   2.6927739331981148E-028
  -5.0292067654723861E-002  -1.0081612310626126E-027
  -5.0114357168311412E-002  -2.8015165348110044E-027
  -4.9936646681898962E-002  -4.7276605595528542E-027
  -4.9758936195486513E-002  -6.0658623421833232E-027
  -4.9581225709074063E-002  -5.8180898407098363E-027
  -4.9403515222661613E-002  -2.9313679481140218E-027
  -4.9225804736249164E-002   3.2951430843670806E-027
  -4.9048094249836714E-002   1.2658121889449916E-026
  -4.8870383763424265E-002   2.3483248523818134E-026
  -4.8692673277011815E-002   3.2273389407238086E-026
  -4.8514962790599366E-002   3.3874830681774177E-026
  -4.8337252304186916E-002   2.2461240158212694E-026
  -4.8159541817774466E-002  -6.4977604961945503E-027
  -4.7981831331362017E-002  -5.3414064835716854E-026
  -4.7804120844949567E-002  -1.1148772638985717E-025
  -4.7626410358537118E-002  -1.6445100274214053E-025
  -4.7448699872124668E-002  -1.8668494153726206E-025
  -4.7270989385712218E-002  -1.4732378033007393E-025
  -4.7093278899299769E-002  -1.9420252274584922E-026
  -4.6915568412887319E-002   2.0612438082347690E-025
  -4.6737857926474870E-002   5.0435691336715190E-025
  -4.6560147440062420E-002   8.0295908724860897E-025
  -4.6382436953649971E-002   9.7934930032035806E-025
  -4.6204726467237521E-002   8.7657347063728509E-025
  -4.6027015980825071E-002   3.4430953693388455E-025
  -4.5849305494412622E-002  -6.9476570920036874E-025
  -4.5671595008000172E-002  -2.1633158958229893E-024
  -4.5493884521587723E-002  -3.7556154241613281E-024
  -4.5316174035175273E-002  -4.9074440141132278E-024
  -4.5138463548762824E-002  -4.8514593978614849E-024
  -4.4960753062350374E-002  -2.7929732320103109E-024
  -4.4783042575937924E-002   1.7848789762671633E-024
  -4.4605332089525475E-002   8.7245479233417028E-024
  -4.4427621603113025E-002   1.6806742309363887E-023
  -4.4249911116700576E-002   2.3536227932585227E-023
  -4.4072200630288126E-002   2.5302722418479154E-023
  -4.3894490143875677E-002   1.8099751563985698E-023
  -4.3716779657463227E-002  -1.1218003450414864E-024
  -4.3539069171050777E-002  -3.2595688082552968E-023
  -4.3361358684638328E-002  -7.1797603909699361E-023
  -4.3183648198225878E-002  -1.0814574834413659E-022
  -4.3005937711813429E-002  -1.2528671544677499E-022
  -4.2828227225400979E-002  -1.0388101988886497E-022
  -4.2650516738988530E-002  -2.7388250733879946E-023
  -4.2472806252576080E-002   1.0953062305446574E-022
  -4.2295095766163630E-002   2.9167142159657233E-022
  -4.2117385279751181E-002   4.7613356283836992E-022
  -4.1939674793338731E-002   5.9160589373309883E-022
  -4.1761964306926282E-002   5.4847714558214810E-022
  -4.1584253820513832E-002   2.6262572591515712E-022
  -4.1406543334101382E-002  -3.0789292662471936E-022
  -4.1228832847688933E-002  -1.1196582959738867E-021
  -4.1051122361276483E-002  -2.0071894082361985E-021
  -4.0873411874864034E-002  -2.6713017252708802E-021
  -4.0695701388451584E-002  -2.7127583637907479E-021
  -4.0517990902039135E-002  -1.7261767184705871E-021
  -4.0340280415626685E-002   5.4531197861201717E-022
  -4.0162569929214235E-002   4.0177451701667253E-021
  -3.9984859442801786E-002   8.0884695178101255E-021
  -3.9807148956389336E-002   1.1551191726994598E-020
  -3.9629438469976887E-002   1.2694036547860645E-020
  -3.9451727983564437E-002   9.6541372055774393E-021
  -3.9274017497151988E-002   1.0468688169762442E-021
  -3.9096307010739538E-002  -1.3208215001136131E-020
  -3.8918596524327088E-002  -3.1066302491732993E-020
  -3.8740886037914639E-002  -4.7862141546285929E-020
  -3.8563175551502189E-002  -5.6528061760405041E-020
  -3.8385465065089740E-002  -4.8867981845886995E-020
  -3.8207754578677290E-002  -1.8026235834376556E-020
  -3.8030044092264841E-002   3.8088720590404567E-020
  -3.7852333605852391E-002   1.1317581913171856E-019
  -3.7674623119439941E-002   1.8997974361188144E-019
  -3.7496912633027492E-002   2.4040590026004750E-019
  -3.7319202146615042E-002   2.2983861487548580E-019
  -3.7141491660202593E-002   1.2647110320114449E-019
  -3.6963781173790143E-002  -8.4990240040319190E-020
  -3.6786070687377694E-002  -3.8792511785101929E-019
  -3.6608360200965244E-002  -7.2157583643930886E-019
  -3.6430649714552794E-002  -9.7847461063541636E-019
  -3.6252939228140345E-002  -1.0180459353702567E-018
  -3.6075228741727895E-002  -7.0050486102328948E-019
  -3.5897518255315446E-002   6.0167668682809373E-020
  -3.5719807768902996E-002   1.2333023801100541E-018
  -3.5542097282490547E-002   2.6167338602696399E-018
  -3.5364386796078097E-002   3.8153086604942640E-018
  -3.5186676309665647E-002   4.2795465497402900E-018
  -3.5008965823253198E-002   3.4237238447634159E-018
  -3.4831255336840748E-002   8.2359682464134597E-019
  -3.4653544850428299E-002  -3.5357525086739310E-018
  -3.4475834364015849E-002  -9.0266125857569984E-018
  -3.4298123877603399E-002  -1.4254877353804101E-017
  -3.4120413391190950E-002  -1.7152301058353337E-017
  -3.3942702904778500E-002  -1.5369246716941173E-017
  -3.3764992418366051E-002  -6.9868378043071061E-018
  -3.3587281931953601E-002   8.5409207434913544E-018
  -3.3409571445541152E-002   2.9438398623482872E-017
  -3.3231860959128702E-002   5.0999737418631556E-017
  -3.3054150472716252E-002   6.5728507836157330E-017
  -3.2876439986303803E-002   6.4576921300516353E-017
  -3.2698729499891353E-002   3.9418729226549279E-017
  -3.2521019013478904E-002  -1.3492614583276537E-017
  -3.2343308527066454E-002  -8.9823307556074224E-017
  -3.2165598040654005E-002  -1.7444163882774405E-016
  -3.1987887554241555E-002  -2.4119620875309139E-016
  -3.1810177067829105E-002  -2.5658552079391367E-016
  -3.1632466581416656E-002  -1.8802457552106142E-016
  -3.1454756095004206E-002  -1.6105603958146913E-017
  -3.1277045608591757E-002   2.5151893324965189E-016
  -3.1099335122179304E-002   5.6882360956499151E-016
  -3.0921624635766851E-002   8.4809367441727483E-016
  -3.0743914149354398E-002   9.6992561355677204E-016
  -3.0566203662941945E-002   8.0977267482459693E-016
  -3.0388493176529491E-002   2.7993091233824203E-016
  -3.0210782690117038E-002  -6.2027657702942634E-016
  -3.0033072203704585E-002  -1.7599910677389943E-015
  -2.9855361717292132E-002  -2.8568311931931943E-015
  -2.9677651230879679E-002  -3.5009526394724080E-015
  -2.9499940744467226E-002  -3.2366689157246271E-015
  -2.9322230258054773E-002  -1.7012739495121566E-015
  -2.9144519771642320E-002   1.1999445094883086E-015
  -2.8966809285229867E-002   5.1268742010035254E-015
  -2.8789098798817414E-002   9.2093258741157075E-015
  -2.8611388312404961E-002   1.2092479183056868E-014
  -2.8433677825992508E-002   1.2176007087877069E-014
  -2.8255967339580055E-002   8.0569488617765868E-015
  -2.8078256853167602E-002  -8.8097942493396384E-016
  -2.7900546366755149E-002  -1.3868635513026520E-014
  -2.7722835880342696E-002  -2.8349824989987232E-014
  -2.7545125393930243E-002  -4.0013200912846681E-014
  -2.7367414907517790E-002  -4.3454581119375710E-014
  -2.7189704421105337E-002  -3.3538621899409409E-014
  -2.7011993934692884E-002  -7.3156336921776295E-015
  -2.6834283448280431E-002   3.3914033488944765E-014
  -2.6656572961867978E-002   8.3039894382733639E-014
  -2.6478862475455524E-002   1.2686752609334691E-013
  -2.6301151989043071E-002   1.4782981408058469E-013
  -2.6123441502630618E-002   1.2801510256131634E-013
  -2.5945731016218165E-002   5.5190564459991113E-014
  -2.5768020529805712E-002  -7.0344652295282629E-014
  -2.5590310043393259E-002  -2.3006827841320218E-013
  -2.5412599556980806E-002  -3.8520964532159195E-013
  -2.5234889070568353E-002  -4.8076955206605122E-013
  -2.5057178584155900E-002  -4.5695667347711708E-013
  -2.4879468097743447E-002  -2.6747075141849873E-013
  -2.4701757611330994E-002   9.8558733474885297E-014
  -2.4524047124918541E-002   5.9686805168966962E-013
  -2.4346336638506088E-002   1.1183528718205173E-012
  -2.4168626152093635E-002   1.4971577452854691E-012
  -2.3990915665681182E-002   1.5417218067943994E-012
  -2.3813205179268729E-002   1.0883598147644188E-012
  -2.3635494692856276E-002   6.9057232124805600E-014
  -2.3457784206443823E-002  -1.4233614114736330E-012
  -2.3280073720031370E-002  -3.0960128040165890E-012
  -2.3102363233618917E-002  -4.4673355746585684E-012
  -2.2924652747206464E-002  -4.9472098148192450E-012
  -2.2746942260794011E-002  -3.9884356722507617E-012
  -2.2569231774381558E-002  -1.2890959959309198E-012
  -2.2391521287969104E-002   3.0007098508221771E-012
  -2.2213810801556651E-002   8.1356348975604741E-012
  -2.2036100315144198E-002   1.2770653614352158E-011
  -2.1858389828731745E-002   1.5155788351075354E-011
  -2.1680679342319292E-002   1.3548686862358449E-011
  -2.1502968855906839E-002   6.7982593662244338E-012
  -2.1325258369494386E-002  -5.0245150836280419E-012
  -2.1147547883081933E-002  -2.0139984144626444E-011
  -2.0969837396669480E-002  -3.4939880312122083E-011
  -2.0792126910257027E-002  -4.4425687594947026E-011
  -2.0614416423844574E-002  -4.3289162782013360E-011
  -2.0436705937432121E-002  -2.7538798344323440E-011
  -2.0258995451019668E-002   3.6452984638937248E-012
  -2.0081284964607215E-002   4.6350727044501806E-011
  -1.9903574478194762E-002   9.1302552312306471E-011
  -1.9725863991782309E-002   1.2474706048460587E-010
  -1.9548153505369856E-002   1.3116503688161494E-010
  -1.9370443018957403E-002   9.7650165870254730E-011
  -1.9192732532544950E-002   1.9172025309919375E-011
  -1.9015022046132497E-002  -9.6658081756695133E-011
  -1.8837311559720044E-002  -2.2708091199862255E-010
  -1.8659601073307591E-002  -3.3565248423214052E-010
  -1.8481890586895137E-002  -3.7874873174280124E-010
  -1.8304180100482684E-002  -3.1694434676873390E-010
  -1.8126469614070231E-002  -1.2943452487102081E-010
  -1.7948759127657778E-002   1.7203487881398776E-010
  -1.7771048641245325E-002   5.3445920874306797E-010
  -1.7593338154832872E-002   8.6492054950703884E-010
  -1.7415627668420419E-002   1.0453756432729504E-009
  -1.7237917182007966E-002   9.6117698936310341E-010
  -1.7060206695595513E-002   5.3925737803046721E-010
  -1.6882496209183060E-002  -2.1276071042475418E-010
  -1.6704785722770607E-002  -1.1788346078895562E-009
  -1.6527075236358154E-002  -2.1313404276131942E-009
  -1.6349364749945701E-002  -2.7626000881402818E-009
  -1.6171654263533248E-002  -2.7537268786782526E-009
  -1.5993943777120795E-002  -1.8723330708246748E-009
  -1.5816233290708342E-002  -7.8246500293219963E-011
  -1.5638522804295889E-002   2.3937757674112121E-009
  -1.5460812317883436E-002   5.0091677759222209E-009
  -1.5283101831470983E-002   6.9953016581612809E-009
  -1.5105391345058530E-002   7.5011784993263585E-009
  -1.4927680858646077E-002   5.8390322945128748E-009
  -1.4749970372233624E-002   1.7599105220922239E-009
  -1.4572259885821170E-002  -4.3125030672719728E-009
  -1.4394549399408717E-002  -1.1178862873502523E-008
  -1.4216838912996264E-002  -1.6970439694447000E-008
  -1.4039128426583811E-002  -1.9503917062830426E-008
  -1.3861417940171358E-002  -1.6858491275997211E-008
  -1.3683707453758905E-002  -8.0694196975537316E-009
  -1.3505996967346452E-002   6.2411152376556071E-009
  -1.3328286480933999E-002   2.3516307242194760E-008
  -1.3150575994521546E-002   3.9406057066797578E-008
  -1.2972865508109093E-002   4.8518338500723421E-008
  -1.2795155021696640E-002   4.5749844191538898E-008
  -1.2617444535284187E-002   2.7972284886069505E-008
  -1.2439734048871734E-002  -4.3357859546121849E-009
  -1.2262023562459281E-002  -4.6040680346270747E-008
  -1.2084313076046828E-002  -8.7409297622145955E-008
  -1.1906602589634375E-002  -1.1561409192238975E-007
  -1.1728892103221922E-002  -1.1769145133402685E-007
  -1.1551181616809469E-002  -8.4504384537149534E-008
  -1.1373471130397016E-002  -1.4801362697131266E-008
  -1.1195760643984563E-002   8.1859154974181746E-008
  -1.1018050157572110E-002   1.8458954524168540E-007
  -1.0840339671159657E-002   2.6398653403899062E-007
  -1.0662629184747204E-002   2.8846267613924787E-007
  -1.0484918698334750E-002   2.3324724805064357E-007
  -1.0307208211922297E-002   9.0114010905598280E-008
  -1.0129497725509844E-002  -1.2493808710159046E-007
  -9.9517872390973913E-003  -3.6905320102705529E-007
  -9.7740767526849383E-003  -5.7730502860962421E-007
  -9.5963662662724852E-003  -6.7570933381879236E-007
  -9.4186557798600322E-003  -6.0098208002239042E-007
  -9.2409452934475791E-003  -3.2303612299717121E-007
  -9.0632348070351261E-003   1.3584426160422916E-007
  -8.8855243206226731E-003   6.9201447974440517E-007
  -8.7078138342102200E-003   1.2074590616581500E-006
  -8.5301033477977670E-003   1.5153809641685747E-006
  -8.3523928613853139E-003   1.4620969953393355E-006
  -8.1746823749728609E-003   9.5728716666888281E-007
  -7.9969718885604078E-003   1.9767787603745461E-008
  -7.8192614021479548E-003  -1.1964127163493226E-006
  -7.6415509157355017E-003  -2.4091658260339182E-006
  -7.4638404293230487E-003  -3.2562481372466465E-006
  -7.2861299429105957E-003  -3.3810035913823650E-006
  -7.1084194564981426E-003  -2.5408319617078583E-006
  -6.9307089700856896E-003  -7.1208032843165310E-007
  -6.7529984836732365E-003   1.8412699397858238E-006
  -6.5752879972607835E-003   4.5659377529943315E-006
  -6.3975775108483304E-003   6.7038554189841974E-006
  -6.2198670244358774E-003   7.4613255439117251E-006
  -6.0421565380234243E-003   6.2353618807890987E-006
  -5.8644460516109713E-003   2.8450296461697022E-006
  -5.6867355651985182E-003  -2.3001024499512342E-006
  -5.5090250787860652E-003  -8.1617714586434799E-006
  -5.3313145923736122E-003  -1.3211521102761529E-005
  -5.1536041059611591E-003  -1.5751813378281339E-005
  -4.9758936195487061E-003  -1.4372606393978393E-005
  -4.7981831331362530E-003  -8.4433101826564853E-006
  -4.6204726467238000E-003   1.4968228907568725E-006
  -4.4427621603113469E-003   1.3592295790363507E-005
  -4.2650516738988939E-003   2.4875680693632517E-005
  -4.0873411874864408E-003   3.1852583314256834E-005
  -3.9096307010739878E-003   3.1391759924567939E-005
  -3.7319202146615343E-003   2.1735070673630554E-005
  -3.5542097282490804E-003   3.3594701609058898E-006
  -3.3764992418366265E-003  -2.0600384817938998E-005
  -3.1987887554241726E-003  -4.4603295309233420E-005
  -3.0210782690117187E-003  -6.1720053692186356E-005
  -2.8433677825992648E-003  -6.5309613446929045E-005
  -2.6656572961868109E-003  -5.1022325750233015E-005
  -2.4879468097743569E-003  -1.8622665656917576E-005
  -2.3102363233619030E-003   2.6946154720888407E-005
  -2.1325258369494491E-003   7.5749760131292622E-005
  -1.9548153505369952E-003   1.1454726719626406E-004
  -1.7771048641245411E-003   1.2983729285913771E-004
  -1.5993943777120869E-003   1.1169883188671776E-004
  -1.4216838912996326E-003   5.7494930486704955E-005
  -1.2439734048871783E-003  -2.5670354684213887E-005
  -1.0662629184747237E-003  -1.2074458054209630E-004
  -8.8855243206226956E-004  -2.0334710030194553E-004
  -7.1084194564981532E-004  -2.4710352737417898E-004
  -5.3313145923736109E-004  -2.3076580565915399E-004
  -3.5542097282490457E-004  -1.4546062514328166E-004
  -1.7771048641244798E-004   1.1903129135420304E-017
   8.6930991376708844E-018   1.7771048641246736E-004
   1.7771048641246706E-004   3.4443451789842582E-004
   3.4443451789842387E-004   4.5059022148032351E-004
   4.5059022148031901E-004   4.5301064503239962E-004
   4.5301064503240000E-004   3.2862884207327566E-004
   3.2862884207327745E-004   8.5356678042201569E-005
   8.5356678042209090E-005  -2.3356232750485709E-004
  -2.3356232750484839E-004  -5.5435692683323049E-004
  -5.5435692683322246E-004  -7.8724136328986775E-004
  -7.8724136328985333E-004  -8.4851747587585003E-004
  -8.4851747587585068E-004  -6.8552757177626285E-004
  -6.8552757177626090E-004  -2.9792576951761135E-004
  -2.9792576951759699E-004   2.5154791546442250E-004
   2.5154791546444955E-004   8.4198961229093781E-004
   8.4198961229091872E-004   1.3167132370609943E-003
   1.3167132370609823E-003   1.5202254172757097E-003
   1.5202254172757099E-003   1.3421969445906712E-003
   1.3421969445906888E-003   7.5734234335927768E-004
   7.5734234335931292E-004  -1.5088820770005860E-004
  -1.5088820770008105E-004  -1.1926504446760984E-003
  -1.1926504446760485E-003  -2.1044343789116469E-003
  -2.1044343789116313E-003  -2.6087471635337649E-003
  -2.6087471635337540E-003  -2.4890287266267235E-003
  -2.4890287266267279E-003  -1.6615574354214898E-003
  -1.6615574354214646E-003  -2.2354273666279833E-004
  -2.2354273666283519E-004   1.5405311963432545E-003
   1.5405311963432324E-003   3.2037667603895615E-003
   3.2037667603894617E-003   4.2896664345901990E-003
   4.2896664345901565E-003   4.3955517102002625E-003
   4.3955517102002928E-003   3.3175127938382932E-003
   3.3175127938382958E-003   1.1422021231159798E-003
   1.1422021231160631E-003  -1.7260373317863861E-003
  -1.7260373317863355E-003  -4.6216032286984631E-003
  -4.6216032286983824E-003  -6.7563881139784164E-003
  -6.7563881139782872E-003  -7.4163607267940480E-003
  -7.4163607267939639E-003  -6.1711172566077501E-003
  -6.1711172566079105E-003  -3.0403170909375867E-003
  -3.0403170909377095E-003   1.4364748016267583E-003
   1.4364748016269637E-003   6.2619929380098938E-003
   6.2619929380098929E-003   1.0180048981087389E-002
   1.0180048981087510E-002   1.1978138588368116E-002
   1.1978138588368093E-002   1.0826950254651984E-002
   1.0826950254651867E-002   6.5688307715150752E-003
   6.5688307715149981E-003  -1.3259670289709176E-004
  -1.3259670289710290E-004  -7.8448474323664624E-003
  -7.8448474323662490E-003  -1.4638145359550677E-002
  -1.4638145359550516E-002  -1.8535286537469560E-002
  -1.8535286537469484E-002  -1.8043363469905573E-002
  -1.8043363469905763E-002  -1.2633621757708300E-002
  -1.2633621757708243E-002  -3.0298532345190326E-003
  -3.0298532345191102E-003   8.8023572273334891E-003
   8.8023572273336140E-003   2.0006772265849147E-002
   2.0006772265849435E-002   2.7481664292173726E-002
   2.7481664292173403E-002   2.8685079534916655E-002
   2.8685079534916214E-002   2.2403057854822096E-002
   2.2403057854822196E-002   9.2657543463563006E-003
   9.2657543463565330E-003  -8.1648057314749577E-003
  -8.1648057314743974E-003  -2.5818896106989248E-002
  -2.5818896106988114E-002  -3.9010217853413728E-002
  -3.9010217853412958E-002  -4.3615226015028603E-002
  -4.3615226015028687E-002  -3.7258988368393614E-002
  -3.7258988368394190E-002  -2.0186397560356069E-002
  -2.0186397560357023E-002   4.4592402537956509E-003
   4.4592402537944869E-003   3.1103267814849324E-002
   3.1103267814849352E-002   5.2922371999690389E-002
   5.2922371999690049E-002   6.3514482077009757E-002
   6.3514482077009410E-002   5.8666100916802209E-002
   5.8666100916800391E-002   3.7751910348103754E-002
   3.7751910348104538E-002   4.3434281374381519E-003
   4.3434281374369922E-003  -3.4234213505020629E-002
  -3.4234213505019540E-002  -6.8405281965927517E-002
  -6.8405281965929099E-002  -8.8628529581928420E-002
  -8.8628529581927989E-002  -8.7942379379252505E-002
  -8.7942379379250632E-002  -6.4116818055465055E-002
  -6.4116818055464056E-002  -2.0788954235133595E-002
  -2.0788954235132797E-002   3.2838276216735206E-002
   3.2838276216735754E-002   8.3815503623095283E-002
   8.3815503623092757E-002  0.11846637534613529     
  0.11846637534613404       0.12593137924698353     
  0.12593137924698403       0.10134588042948925     
  0.10134588042948839        4.7764528375615782E-002
   4.7764528375615602E-002  -2.3814105356125225E-002
  -2.3814105356127921E-002  -9.6527746171786777E-002
  -9.6527746171784223E-002 -0.15149852157651642     
 -0.15149852157651356      -0.17260483133926946     
 -0.17260483133926946      -0.15100095169027086     
 -0.15100095169026961       -8.8158700222669348E-002
  -8.8158700222670611E-002   3.5205801846356745E-003
   3.5205801846330386E-003  0.10292006037387701     
  0.10292006037387030       0.18492915855830883     
  0.18492915855830913       0.22665753282178391     
  0.22665753282178258       0.21363507844799104     
  0.21363507844798874       0.14435779003294935     
  0.14435779003295732        3.1830714352221103E-002
   3.1830714352227778E-002  -9.8564076045120436E-002
  -9.8564076045122753E-002 -0.21463153445838309     
 -0.21463153445838168      -0.28518727808340044     
 -0.28518727808339928      -0.28827142343982332     
 -0.28827142343982420      -0.21762438022103900     
 -0.21762438022103042       -8.5580948337254867E-002
  -8.5580948337249649E-002   7.8664417031062694E-002
   7.8664417031067385E-002  0.23533082124408317     
  0.23533082124407750       0.34356949277104487     
  0.34356949277104276       0.37198110327850253     
  0.37198110327850314       0.30745336312636956     
  0.30745336312636345       0.15988377587035513     
  0.15988377587036520       -3.8743765163608779E-002
  -3.8743765163608022E-002 -0.24108734886215355     
 -0.24108734886214317      -0.39562809739970944     
 -0.39562809739970745      -0.45969202398379644     
 -0.45969202398379566      -0.41104291964544909     
 -0.41104291964544776      -0.25493438153047782     
 -0.25493438153049203       -2.4494724429474896E-002
  -2.4494724429483816E-002  0.22607474888936741     
  0.22607474888935064       0.43416405389615287     
  0.43416405389614099       0.54434776146012409     
  0.54434776146012087       0.52303566271507840     
  0.52303566271509516       0.36832959806678434     
  0.36832959806678794       0.11226367501471737     
  0.11226367501472385      -0.18557114023664553     
 -0.18557114023663812      -0.45183255379063186     
 -0.45183255379061438      -0.61748505398285802     
 -0.61748505398284959      -0.63566551232607427     
 -0.63566551232608071      -0.49473721576443508     
 -0.49473721576442109      -0.22293319488281355     
 -0.22293319488280502       0.11700477918513148     
  0.11700477918514533       0.44227107774720664     
  0.44227107774720498       0.67021459825157159     
  0.67021459825156693       0.73938346875489258     
  0.73938346875489291       0.62602476453742073     
  0.62602476453741751       0.35161837206760138     
  0.35161837206760388       -2.0841700210980810E-002
  -2.0841700210976290E-002 -0.40129530728910962     
 -0.40129530728909557      -0.69448873286681712     
 -0.69448873286681345      -0.82393766478254904     
 -0.82393766478254726      -0.75192280738306350     
 -0.75192280738306638      -0.49027566775799630     
 -0.49027566775800013       -9.8906475573107097E-002
  -9.8906475573110192E-002  0.32792423662479508     
  0.32792423662479531       0.68444703824744901     
  0.68444703824744724       0.87977048001155000     
  0.87977048001154456       0.86118645214353784     
  0.86118645214353562       0.62838293832546810     
  0.62838293832548742       0.23472877657133820     
  0.23472877657135455      -0.22499231774357828     
 -0.22499231774356315      -0.63757557045288249     
 -0.63757557045286883      -0.89949778087323162     
 -0.89949778087321797      -0.94309652074899175     
 -0.94309652074898398      -0.75415404615051818     
 -0.75415404615053894      -0.37628796464717001     
 -0.37628796464718489        9.9165462213031172E-002
   9.9165462213013408E-002  0.55541973700542402     
  0.55541973700542402       0.87918297336138751     
  0.87918297336138107       0.98904169728692826     
  0.98904169728692859       0.85610945773791736     
  0.85610945773790881       0.51165857030401019     
  0.51165857030401829        3.9708171606876272E-002
   3.9708171606867841E-002 -0.44366210706577180     
 -0.44366210706578046      -0.81913263398303360     
 -0.81913263398303882      -0.99387619927588766     
 -0.99387619927588489      -0.92472455254667207     
 -0.92472455254667085      -0.62893362617731707     
 -0.62893362617733184      -0.17983777579742422     
 -0.17983777579741658       0.31150255819440847     
  0.31150255819441924       0.72402447684322135     
  0.72402447684322091       0.95677278417928313     
  0.95677278417927658       0.95383831223497373     
  0.95383831223496895       0.71790710730616669     
  0.71790710730617913       0.30910837830054361     
  0.30910837830054610      -0.17042914315106383     
 -0.17042914315106072      -0.60231506330953777     
 -0.60231506330952178      -0.88138700072828491     
 -0.88138700072826970      -0.94154188069734912     
 -0.94154188069734601      -0.77150907415978220     
 -0.77150907415979764      -0.41677505052023250     
 -0.41677505052024399        3.2604357897936247E-002
   3.2604357897919690E-002  0.46502988017327068     
  0.46502988017325519       0.77529323315261223     
  0.77529323315261545       0.89037289583169910     
  0.89037289583169843       0.78671823739505375     
  0.78671823739505775       0.49490940698835317     
  0.49490940698834640        9.0823950160533934E-002
   9.0823950160523997E-002 -0.32417125099090327     
 -0.32417125099089250      -0.64880893131300554     
 -0.64880893131301587      -0.80679066091696683     
 -0.80679066091696527      -0.76479076521512179     
 -0.76479076521511091      -0.53933236500203041     
 -0.53933236500203419      -0.19116773684036961     
 -0.19116773684036908       0.19105489724610694     
  0.19105489724610975       0.51344945941336495     
  0.51344945941335907       0.70005976110216328     
  0.70005976110216039       0.71079410216043415     
  0.71079410216043648       0.54988609742815930     
  0.54988609742817574       0.26314638029150517     
  0.26314638029150228       -7.4885513421906760E-002
  -7.4885513421911382E-002 -0.38032027776616556     
 -0.38032027776615707      -0.58078596733690524     
 -0.58078596733689802      -0.63258027280168649     
 -0.63258027280168816      -0.53004546840049727     
 -0.53004546840049716      -0.30520436968977305     
 -0.30520436968977332       -1.8190807065689801E-002
  -1.8190807065703037E-002  0.25874236456783084     
  0.25874236456781652       0.45940040059434623     
  0.45940040059433807       0.53943753516269000     
  0.53943753516268877       0.48600550494603117     
  0.48600550494603173       0.31920869572297844     
  0.31920869572298616        8.5440439692290662E-002
   8.5440439692307441E-002 -0.15532928087649223     
 -0.15532928087648487      -0.34486778390844519     
 -0.34486778390844941      -0.44069929808181862     
 -0.44069929808181757      -0.42547313138571036     
 -0.42547313138570886      -0.30966070251863259     
 -0.30966070251863292      -0.12731994401822966     
 -0.12731994401822408        7.3616083513964342E-002
   7.3616083513970698E-002  0.24381457838332093     
  0.24381457838331869       0.34456167216104028     
  0.34456167216103872       0.35642044205731832     
  0.35642044205731988       0.28263611200396271     
  0.28263611200396693       0.14680803277302587     
  0.14680803277302215       -1.4215611924746829E-002
  -1.4215611924749391E-002 -0.16016011354023066     
 -0.16016011354022935      -0.25728131778344321     
 -0.25728131778343977      -0.28602428285329107     
 -0.28602428285329157      -0.24468653562196704     
 -0.24468653562197198      -0.14848880510906404     
 -0.14848880510906454       -2.4622036366574073E-002
  -2.4622036366575385E-002   9.5220792441262636E-002
   9.5220792441261276E-002  0.18282065206707374     
  0.18282065206707329       0.21994023917354005     
  0.21994023917353914       0.20190064707349098     
  0.20190064707348959       0.13759493976104667     
  0.13759493976105350        4.6225783164156986E-002
   4.6225783164159442E-002  -4.8171418788709786E-002
  -4.8171418788703013E-002 -0.12290747977367136     
 -0.12290747977366845      -0.16196451526827035     
 -0.16196451526826944      -0.15925159315231049     
 -0.15925159315231308      -0.11918359299430396     
 -0.11918359299430553       -5.4679654210809933E-002
  -5.4679654210806672E-002   1.6704062347781927E-002
   1.6704062347783197E-002   7.7403681625924564E-002
   7.7403681625925327E-002  0.11405072301785626     
  0.11405072301785564       0.12027353484681078     
  0.12027353484680921        9.7552450131947202E-002
   9.7552450131947618E-002   5.4107315838315836E-002
   5.4107315838314324E-002   2.2749874846063217E-003
   2.2749874846062943E-003  -4.4843929616443436E-002
  -4.4843929616441583E-002  -7.6588912944903484E-002
  -7.6588912944902193E-002  -8.7036841310353649E-002
  -8.7036841310353705E-002  -7.5930700656740319E-002
  -7.5930700656739888E-002  -4.8155334567320719E-002
  -4.8155334567321302E-002  -1.2035880080500640E-002
  -1.2035880080501143E-002   2.3009302683301033E-002
   2.3009302683301473E-002   4.8828871891827635E-002
   4.8828871891827601E-002   6.0343048852721938E-002
   6.0343048852721820E-002   5.6418380495923522E-002
   5.6418380495923529E-002   3.9703340541806978E-002
   3.9703340541807818E-002   1.5578049823629489E-002
   1.5578049823629496E-002  -9.4317302511551949E-003
  -9.4317302511549884E-003  -2.9335821044118138E-002
  -2.9335821044117302E-002  -4.0041943478788131E-002
  -4.0041943478787853E-002  -4.0108697076419356E-002
  -4.0108697076419675E-002  -3.0778731769780181E-002
  -3.0778731769780729E-002  -1.5367729679658923E-002
  -1.5367729679659376E-002   1.7688981252542582E-003
   1.7688981252531196E-003   1.6394131512804531E-002
   1.6394131512803237E-002   2.5380048888386790E-002
   2.5380048888386842E-002   2.7314125343709240E-002
   2.7314125343709302E-002   2.2622752114201412E-002
   2.2622752114201658E-002   1.3241635016743615E-002
   1.3241635016743511E-002   1.9679646326032372E-003
   1.9679646326031339E-003  -8.3110314751050872E-003
  -8.3110314751046466E-003  -1.5313199293196026E-002
  -1.5313199293195759E-002  -1.7823828123688244E-002
  -1.7823828123688212E-002  -1.5844633118951127E-002
  -1.5844633118951318E-002  -1.0434241699581117E-002
  -1.0434241699581074E-002  -3.3184364320599873E-003
  -3.3184364320600337E-003   3.6065932529813663E-003
   3.6065932529810094E-003   8.7453029776132334E-003
   8.7453029776130443E-003   1.1139215169316350E-002
   1.1139215169316312E-002   1.0606593770213578E-002
   1.0606593770213694E-002   7.6787485194098545E-003
   7.6787485194098597E-003   3.3759410387169753E-003
   3.3759410387169055E-003  -1.1016213923156484E-003
  -1.1016213923156237E-003  -4.6823112493734730E-003
  -4.6823112493734279E-003  -6.6577183634735568E-003
  -6.6577183634735030E-003  -6.7979484592212121E-003
  -6.7979484592212442E-003  -5.3370830877140490E-003
  -5.3370830877140802E-003  -2.8508336485101415E-003
  -2.8508336485100821E-003  -7.1031117888783037E-005
  -7.1031117888825700E-005   2.3097573304769648E-003
   2.3097573304768533E-003   3.7955824996043323E-003
   3.7955824996042096E-003   4.1746322859332946E-003
   4.1746322859332998E-003   3.5264744553498879E-003
   3.5264744553500050E-003   2.1592945994357115E-003
   2.1592945994357983E-003   5.0257027134431478E-004
   5.0257027134422349E-004  -1.0125779786367489E-003
  -1.0125779786366714E-003  -2.0550691814560855E-003
  -2.0550691814560451E-003  -2.4561995077163204E-003
  -2.4561995077163109E-003  -2.2239243890451806E-003
  -2.2239243890452044E-003  -1.5131780072306195E-003
  -1.5131780072306193E-003  -5.6616163889195651E-004
  -5.6616163889196551E-004   3.5849868335666103E-004
   3.5849868335665897E-004   1.0491588724136853E-003
   1.0491588724136566E-003   1.3832843583114014E-003
   1.3832843583113914E-003   1.3417370689497183E-003
   1.3417370689497283E-003   9.9634467083487932E-004
   9.9634467083488149E-004   4.7805168825946722E-004
   4.7805168825945464E-004  -6.3618254348410158E-005
  -6.3618254348409155E-005  -4.9875426528646501E-004
  -4.9875426528645189E-004  -7.4425037683013167E-004
  -7.4425037683012452E-004  -7.7539879604975905E-004
  -7.7539879604976447E-004  -6.2176306022292138E-004
  -6.2176306022292648E-004  -3.5096721250303984E-004
  -3.5096721250303371E-004  -4.6293383530849392E-005
  -4.6293383530852543E-005   2.1555237955993552E-004
   2.1555237955992742E-004   3.8127613459587400E-004
   3.8127613459586847E-004   4.2938793989278094E-004
   4.2938793989278208E-004   3.6963733398390517E-004
   3.6963733398390729E-004   2.3519619305841267E-004
   2.3519619305842091E-004   7.0715639457532162E-005
   7.0715639457540118E-005  -8.0188776656591306E-005
  -8.0188776656584638E-005  -1.8496461223615167E-004
  -1.8496461223614581E-004  -2.2774008399080090E-004
  -2.2774008399079857E-004  -2.1000040990509241E-004
  -2.1000040990509379E-004  -1.4705974256585787E-004
  -1.4705974256585660E-004  -6.1928899783090938E-005
  -6.1928899783090911E-005   2.1495506520010515E-005
   2.1495506520010580E-005   8.4187559199652010E-005
   8.4187559199651535E-005   1.1553101793782095E-004
   1.1553101793781801E-004   1.1421916721180529E-004
   1.1421916721180649E-004   8.6798048140923585E-005
   8.6798048140926932E-005   4.4641017514027007E-005
   4.4641017514029332E-005   3.6562091195577687E-007
   3.6562091195876134E-007  -3.5355824443693344E-005
  -3.5355824443691203E-005  -5.5915156005620683E-005
  -5.5915156005619504E-005  -5.9523236081531053E-005
  -5.9523236081530985E-005  -4.8686760687416290E-005
  -4.8686760687417916E-005  -2.8778961856878774E-005
  -2.8778961856877595E-005  -6.2182840197169007E-006
  -6.2182840197154921E-006   1.3238647682335140E-005
   1.3238647682335808E-005   2.5710046649111775E-005
   2.5710046649112154E-005   2.9720196724532596E-005
   2.9720196724532589E-005   2.6059745296531365E-005
   2.6059745296531127E-005   1.7142488900566894E-005
   1.7142488900566129E-005   6.1116202410711263E-006
   6.1116202410704699E-006  -4.0433170536588466E-006
  -4.0433170536593887E-006  -1.1152967331315060E-005
  -1.1152967331315265E-005  -1.4205489074006056E-005
  -1.4205489074006051E-005  -1.3342865803618409E-005
  -1.3342865803618287E-005  -9.5874613357654520E-006
  -9.5874613357650708E-006  -4.4191456039955154E-006
  -4.4191456039951673E-006   6.6631862045228433E-007
   6.6631862045249746E-007   4.5097497642639498E-006
   4.5097497642639913E-006   6.4876666322181828E-006
   6.4876666322181820E-006   6.5435946142414337E-006
   6.5435946142414328E-006   5.0798174184166499E-006
   5.0798174184165661E-006   2.7648114168177325E-006
   2.7648114168177986E-006   3.1974041071257931E-007
   3.1974041071273008E-007  -1.6612455612662873E-006
  -1.6612455612662198E-006  -2.8219352942209214E-006
  -2.8219352942208867E-006  -3.0750441789414252E-006
  -3.0750441789414400E-006  -2.5634118707524854E-006
  -2.5634118707524943E-006  -1.5758290643107679E-006
  -1.5758290643107421E-006  -4.4727811692543385E-007
  -4.4727811692545164E-007   5.2950237078262042E-007
   5.2950237078258506E-007   1.1628425964454943E-006
   1.1628425964454746E-006   1.3841231330422220E-006
   1.3841231330422231E-006   1.2359937537322685E-006
   1.2359937537322871E-006   8.3719314809502929E-007
   8.3719314809501405E-007   3.3752748011172147E-007
   3.3752748011172973E-007  -1.2417301917138642E-007
  -1.2417301917138047E-007  -4.4991128293422591E-007
  -4.4991128293421845E-007  -5.9596112029947388E-007
  -5.9596112029947261E-007  -5.7049704997755540E-007
  -5.7049704997756186E-007  -4.1961947634678884E-007
  -4.1961947634678969E-007  -2.0774858027466835E-007
  -2.0774858027468077E-007   1.6937804798397931E-009
   1.6937804798294254E-009   1.6083944694949040E-007
   1.6083944694947529E-007   2.4486109370856072E-007
   2.4486109370855458E-007   2.5229467844802619E-007
   2.5229467844802799E-007   1.9981472892712654E-007
   1.9981472892713115E-007   1.1400710558647952E-007
   1.1400710558647761E-007   2.2788789598348318E-008
   2.2788789598348983E-008  -5.1423661472842761E-008
  -5.1423661472840260E-008  -9.5610785124226272E-008
  -9.5610785124224776E-008  -1.0690339830273876E-007
  -1.0690339830273875E-007  -9.0775965343279965E-008
  -9.0775965343282228E-008  -5.7726794772788655E-008
  -5.7726794772790475E-008  -1.9594610773296300E-008
  -1.9594610773298497E-008   1.3533471122043664E-008
   1.3533471122042033E-008   3.5240935552861297E-008
   3.5240935552859953E-008   4.3366021707123363E-008
   4.3366021707123396E-008   3.9444237808364072E-008
   3.9444237808365243E-008   2.7424082112752716E-008
   2.7424082112753602E-008   1.2139273683387179E-008
   1.2139273683386474E-008  -2.0422967323463226E-009
  -2.0422967323468508E-009  -1.2119624692304873E-008
  -1.2119624692304874E-008  -1.6811299116989961E-008
  -1.6811299116989964E-008  -1.6415763721499578E-008
  -1.6415763721499578E-008  -1.2337142337294247E-008
  -1.2337142337293922E-008  -6.4734437093647329E-009
  -6.4734437093642498E-009  -6.4625951561700520E-010
  -6.4625951561674050E-010   3.8045720079371992E-009
   3.8045720079372430E-009   6.2085321544510342E-009
   6.2085321544510334E-009   6.5464465739776221E-009
   6.5464465739776213E-009   5.2845695776239041E-009
   5.2845695776238462E-009   3.1383093149003488E-009
   3.1383093149001788E-009   8.3957748738262125E-010
   8.3957748738253294E-010  -1.0384525948527783E-009
  -1.0384525948527978E-009  -2.1730660813503121E-009
  -2.1730660813503121E-009  -2.5006939232016928E-009
  -2.5006939232016928E-009  -2.1625402550926528E-009
  -2.1625402550926532E-009  -1.4167235971793465E-009
  -1.4167235971792994E-009  -5.4654898072511639E-010
  -5.4654898072515114E-010   2.1246353563014623E-010
   2.1246353563010422E-010   7.1465992519879235E-010
   7.1465992519878874E-010   9.1386856095156228E-010
   9.1386856095156352E-010   8.4707344200776739E-010
   8.4707344200777060E-010   6.0303213040212570E-010
   6.0303213040212022E-010   2.8732870464517881E-010
   2.8732870464517560E-010  -6.9348766617544802E-012
  -6.9348766617529615E-012  -2.1745327858367849E-010
  -2.1745327858367307E-010  -3.1874964812979391E-010
  -3.1874964812979163E-010  -3.1789444437251327E-010
  -3.1789444437251617E-010  -2.4377561602729501E-010
  -2.4377561602729082E-010  -1.3423941025035425E-010
  -1.3423941025035443E-010  -2.4724948735109009E-011
  -2.4724948735109500E-011   5.9347123192641350E-011
   5.9347123192639412E-011   1.0569134251748844E-010
   1.0569134251748741E-010   1.1430974859573784E-010
   1.1430974859573844E-010   9.3998722635206776E-011
   9.3998722635207693E-011   5.7782922981136328E-011
   5.7782922981135907E-011   1.8657554790520201E-011
   1.8657554790522230E-011  -1.3445006021343299E-011
  -1.3445006021341065E-011  -3.3098922562630642E-011
  -3.3098922562629220E-011  -3.9354273219222401E-011
  -3.9354273219222175E-011  -3.4663361712927280E-011
  -3.4663361712927978E-011  -2.3318161989240987E-011
  -2.3318161989241617E-011  -9.9090081235047948E-012
  -9.9090081235049160E-012   1.8379632161608084E-012
   1.8379632161607619E-012   9.6805480047306383E-012
   9.6805480047305753E-012   1.2949641142682698E-011
   1.2949641142682690E-011   1.2242193462409629E-011
   1.2242193462409744E-011   8.9068451058179063E-012
   8.9068451058182068E-012   4.5047722585730656E-012
   4.5047722585733862E-012   3.8038977820106208E-013
   3.8038977820127180E-013  -2.5892627208051258E-012
  -2.5892627208048923E-012  -4.0603732909654565E-012
  -4.0603732909653919E-012  -4.1429789999378956E-012
  -4.1429789999379699E-012  -3.2385399215327384E-012
  -3.2385399215328438E-012  -1.8577554415083094E-012
  -1.8577554415084423E-012  -4.6762499221656339E-013
  -4.6762499221649886E-013   6.0491463410722486E-013
   6.0491463410723344E-013   1.2071071505131641E-012
   1.2071071505131641E-012   1.3430652048769718E-012
   1.3430652048769720E-012   1.1247701276589936E-012
   1.1247701276589936E-012   7.1264172937144463E-013
   7.1264172937142827E-013   2.6292937905948475E-013
   2.6292937905945248E-013  -1.0772014722361891E-013
  -1.0772014722363506E-013  -3.3741758503331466E-013
  -3.3741758503331471E-013  -4.1657801870484004E-013
  -4.1657801870484004E-013  -3.7388834628428590E-013
  -3.7388834628428585E-013  -2.5761066637574868E-013
  -2.5761066637574217E-013  -1.1810053648335696E-013
  -1.1810053648335050E-013   4.6979754458357617E-015
   4.6979754458422217E-015   8.7374697792547919E-014
   8.7374697792547919E-014   1.2334451955801994E-013
   1.2334451955801994E-013   1.1907240226238614E-013
   1.1907240226238617E-013   8.8409478612863656E-014
   8.8409478612861485E-014   4.6980444401250699E-014
   4.6980444401247985E-014   7.9369497212775624E-015
   7.9369497212800836E-015  -2.0350065207728689E-014
  -2.0350065207726322E-014  -3.4729724116362032E-014
  -3.4729724116361710E-014  -3.6335160688537135E-014
  -3.6335160688537457E-014  -2.8934980441959362E-014
  -2.8934980441960044E-014  -1.7192490983131699E-014
  -1.7192490983131882E-014  -5.2757158911479745E-015
  -5.2757158911479382E-015   3.9650230413139655E-015
   3.9650230413136231E-015   9.2404102843589556E-015
   9.2404102843587994E-015   1.0616549173222948E-014
