  -7.1084194564979788E-002   3.2748117743164905E-043
  -7.0906484078567353E-002   4.0972657375579227E-043
  -7.0728773592154917E-002   3.6086904785282963E-043
  -7.0551063105742481E-002   7.4292831505360065E-044
  -7.0373352619330046E-002  -5.3949618388860225E-043
  -7.0195642132917610E-002  -1.4890023416135108E-042
  -7.0017931646505174E-002  -2.6164621375041490E-042
  -6.9840221160092739E-002  -3.5143747888588457E-042
  -6.9662510673680303E-002  -3.4891008856384979E-042
  -6.9484800187267867E-002  -1.6369782316447968E-042
  -6.9307089700855432E-002   2.8955958842132478E-042
  -6.9129379214442996E-002   1.0421886995888123E-041
  -6.8951668728030560E-002   2.0021997249998183E-041
  -6.8773958241618124E-002   2.8806841180060359E-041
  -6.8596247755205689E-002   3.1475933392229127E-041
  -6.8418537268793253E-002   2.0682466763438217E-041
  -6.8240826782380817E-002  -1.1197683899948138E-041
  -6.8063116295968382E-002  -6.8439443689924337E-041
  -6.7885405809555946E-002  -1.4654454433575759E-040
  -6.7707695323143510E-002  -2.2605694429579482E-040
  -6.7529984836731075E-002  -2.6803848431075065E-040
  -6.7352274350318639E-002  -2.1509858103263895E-040
  -6.7174563863906203E-002  -2.7673857715673316E-042
  -6.6996853377493767E-002   4.1468492774880543E-040
  -6.6819142891081332E-002   1.0233010728779199E-039
  -6.6641432404668896E-002   1.6996864058373520E-039
  -6.6463721918256460E-002   2.1692066724515992E-039
  -6.6286011431844025E-002   2.0006793714800886E-039
  -6.6108300945431589E-002   6.7459863226810561E-040
  -6.5930590459019153E-002  -2.2402421207822486E-039
  -6.5752879972606718E-002  -6.7885823801001340E-039
  -6.5575169486194282E-002  -1.2244394375778025E-038
  -6.5397458999781846E-002  -1.6751872783042052E-038
  -6.5219748513369410E-002  -1.7194010085749646E-038
  -6.5042038026956975E-002  -9.5651494457087266E-039
  -6.4864327540544539E-002   9.8711808252726129E-039
  -6.4686617054132103E-002   4.2488183974744385E-038
  -6.4508906567719668E-002   8.4439384637755496E-038
  -6.4331196081307232E-002   1.2375012151678308E-037
  -6.4153485594894796E-002   1.3874231339267335E-037
  -6.3975775108482361E-002   9.9784553821478984E-038
  -6.3798064622069925E-002  -2.3463598609128399E-038
  -6.3620354135657489E-002  -2.4787356451091073E-037
  -6.3442643649245054E-002  -5.5639139768054065E-037
  -6.3264933162832618E-002  -8.7562125675224228E-037
  -6.3087222676420182E-002  -1.0606107905235930E-036
  -6.2909512190007746E-002  -9.0071535416890897E-037
  -6.2731801703595311E-002  -1.6258657308899650E-037
  -6.2554091217182875E-002   1.3173726549551863E-036
  -6.2376380730770432E-002   3.4917373202134029E-036
  -6.2198670244357983E-002   5.9368306839645407E-036
  -6.2020959757945533E-002   7.7219918941702062E-036
  -6.1843249271533084E-002   7.4068097050818279E-036
  -6.1665538785120634E-002   3.2805462149349603E-036
  -6.1487828298708185E-002  -6.0580426871410935E-036
  -6.1310117812295735E-002  -2.0759526878271451E-035
  -6.1132407325883285E-002  -3.8555056783878716E-035
  -6.0954696839470836E-002  -5.3719314993640968E-035
  -6.0776986353058386E-002  -5.6773969070207497E-035
  -6.0599275866645937E-002  -3.5715573042184851E-035
  -6.0421565380233487E-002   2.0495199896746547E-035
  -6.0243854893821037E-002   1.1588422840467310E-034
  -6.0066144407408588E-002   2.3951223093703851E-034
  -5.9888433920996138E-002   3.5774284459461452E-034
  -5.9710723434583689E-002   4.1056466415097202E-034
  -5.9533012948171239E-002   3.1716160152945893E-034
  -5.9355302461758790E-002  -4.0069900763485322E-036
  -5.9177591975346340E-002  -5.9770780943657317E-034
  -5.8999881488933890E-002  -1.4198171254685747E-033
  -5.8822171002521441E-002  -2.2825959706562274E-033
  -5.8644460516108991E-002  -2.8206958706324135E-033
  -5.8466750029696542E-002  -2.5111530745647859E-033
  -5.8289039543284092E-002  -7.8332242171498698E-034
  -5.8111329056871643E-002   2.7571084227973744E-033
  -5.7933618570459193E-002   7.9987456645519568E-033
  -5.7755908084046743E-002   1.3954549955362563E-032
  -5.7578197597634294E-002   1.8488546702329444E-032
  -5.7400487111221844E-002   1.8345077483284067E-032
  -5.7222776624809395E-002   9.7165501820694171E-033
  -5.7045066138396945E-002  -1.0468430852792299E-032
  -5.6867355651984496E-002  -4.2536721088690757E-032
  -5.6689645165572046E-002  -8.1672745842378560E-032
  -5.6511934679159596E-002  -1.1590943152718413E-031
  -5.6334224192747147E-002  -1.2574078331538367E-031
  -5.6156513706334697E-002  -8.6847429109862897E-032
  -5.5978803219922248E-002   2.2787184842042225E-032
  -5.5801092733509798E-002   2.1105998524864224E-031
  -5.5623382247097349E-002   4.5680608393980055E-031
  -5.5445671760684899E-002   6.9598469785740314E-031
  -5.5267961274272449E-002   8.1613356226109224E-031
  -5.5090250787860000E-002   6.6818450975509401E-031
  -5.4912540301447550E-002   1.0412598784994180E-031
  -5.4734829815035101E-002  -9.5591625930630720E-031
  -5.4557119328622651E-002  -2.4340091162901514E-030
  -5.4379408842210201E-002  -4.0044937723866426E-030
  -5.4201698355797752E-002  -5.0438164781825795E-030
  -5.4023987869385302E-002  -4.6736552489471981E-030
  -5.3846277382972853E-002  -1.9510598273316567E-030
  -5.3668566896560403E-002   3.7643592850095955E-030
  -5.3490856410147954E-002   1.2291595341243582E-029
  -5.3313145923735504E-002   2.2070179081264030E-029
  -5.3135435437323054E-002   2.9779478312593121E-029
  -5.2957724950910605E-002   3.0440199732976563E-029
  -5.2780014464498155E-002   1.8323867188411821E-029
  -5.2602303978085706E-002  -1.1110997711180322E-029
  -5.2424593491673256E-002  -5.8322451076364341E-029
  -5.2246883005260807E-002  -1.1636763743787790E-028
  -5.2069172518848357E-002  -1.6829736185685509E-028
  -5.1891462032435907E-002  -1.8694124131777505E-028
  -5.1713751546023458E-002  -1.3898266869230630E-028
  -5.1536041059611008E-002   5.2216835417722966E-030
  -5.1358330573198559E-002   2.5603620440982697E-028
  -5.1180620086786109E-002   5.8560000814941176E-028
  -5.1002909600373660E-002   9.1126057980767500E-028
  -5.0825199113961210E-002   1.0903294471633569E-027
  -5.0647488627548760E-002   9.3682874353109449E-028
  -5.0469778141136311E-002   2.6927739331981148E-028
  -5.0292067654723861E-002  -1.0081612310626341E-027
  -5.0114357168311412E-002  -2.8015165348110446E-027
  -4.9936646681898962E-002  -4.7276605595529553E-027
  -4.9758936195486513E-002  -6.0658623421834523E-027
  -4.9581225709074063E-002  -5.8180898407097897E-027
  -4.9403515222661613E-002  -2.9313679481137829E-027
  -4.9225804736249164E-002   3.2951430843675505E-027
  -4.9048094249836714E-002   1.2658121889450588E-026
  -4.8870383763424265E-002   2.3483248523818134E-026
  -4.8692673277011815E-002   3.2273389407238086E-026
  -4.8514962790599366E-002   3.3874830681774177E-026
  -4.8337252304186916E-002   2.2461240158212694E-026
  -4.8159541817774466E-002  -6.4977604961945503E-027
  -4.7981831331362017E-002  -5.3414064835716854E-026
  -4.7804120844949567E-002  -1.1148772638985717E-025
  -4.7626410358537118E-002  -1.6445100274214053E-025
  -4.7448699872124668E-002  -1.8668494153726206E-025
  -4.7270989385712218E-002  -1.4732378033007393E-025
  -4.7093278899299769E-002  -1.9420252274584922E-026
  -4.6915568412887319E-002   2.0612438082347690E-025
  -4.6737857926474870E-002   5.0435691336715190E-025
  -4.6560147440062420E-002   8.0295908724860897E-025
  -4.6382436953649971E-002   9.7934930032035806E-025
  -4.6204726467237521E-002   8.7657347063728509E-025
  -4.6027015980825071E-002   3.4430953693388455E-025
  -4.5849305494412622E-002  -6.9476570920036874E-025
  -4.5671595008000172E-002  -2.1633158958229893E-024
  -4.5493884521587723E-002  -3.7556154241613281E-024
  -4.5316174035175273E-002  -4.9074440141132278E-024
  -4.5138463548762824E-002  -4.8514593978614225E-024
  -4.4960753062350374E-002  -2.7929732320101974E-024
  -4.4783042575937924E-002   1.7848789762673168E-024
  -4.4605332089525475E-002   8.7245479233418615E-024
  -4.4427621603113025E-002   1.6806742309363990E-023
  -4.4249911116700576E-002   2.3536227932585194E-023
  -4.4072200630288126E-002   2.5302722418478913E-023
  -4.3894490143875677E-002   1.8099751563985201E-023
  -4.3716779657463227E-002  -1.1218003450414864E-024
  -4.3539069171050777E-002  -3.2595688082552968E-023
  -4.3361358684638328E-002  -7.1797603909699361E-023
  -4.3183648198225878E-002  -1.0814574834413899E-022
  -4.3005937711813429E-002  -1.2528671544677595E-022
  -4.2828227225400979E-002  -1.0388101988886229E-022
  -4.2650516738988530E-002  -2.7388250733874045E-023
  -4.2472806252576080E-002   1.0953062305447119E-022
  -4.2295095766163630E-002   2.9167142159657990E-022
  -4.2117385279751181E-002   4.7613356283837791E-022
  -4.1939674793338731E-002   5.9160589373310879E-022
  -4.1761964306926282E-002   5.4847714558214810E-022
  -4.1584253820513832E-002   2.6262572591515712E-022
  -4.1406543334101382E-002  -3.0789292662471936E-022
  -4.1228832847688933E-002  -1.1196582959738867E-021
  -4.1051122361276483E-002  -2.0071894082361985E-021
  -4.0873411874864034E-002  -2.6713017252708802E-021
  -4.0695701388451584E-002  -2.7127583637907479E-021
  -4.0517990902039135E-002  -1.7261767184705871E-021
  -4.0340280415626685E-002   5.4531197861201717E-022
  -4.0162569929214235E-002   4.0177451701667253E-021
  -3.9984859442801786E-002   8.0884695178101255E-021
  -3.9807148956389336E-002   1.1551191726994598E-020
  -3.9629438469976887E-002   1.2694036547860721E-020
  -3.9451727983564437E-002   9.6541372055773490E-021
  -3.9274017497151988E-002   1.0468688169762442E-021
  -3.9096307010739538E-002  -1.3208215001136131E-020
  -3.8918596524327088E-002  -3.1066302491732993E-020
  -3.8740886037914639E-002  -4.7862141546285929E-020
  -3.8563175551502189E-002  -5.6528061760405041E-020
  -3.8385465065089740E-002  -4.8867981845886146E-020
  -3.8207754578677290E-002  -1.8026235834375193E-020
  -3.8030044092264841E-002   3.8088720590407901E-020
  -3.7852333605852391E-002   1.1317581913172159E-019
  -3.7674623119439941E-002   1.8997974361188286E-019
  -3.7496912633027492E-002   2.4040590026004664E-019
  -3.7319202146615042E-002   2.2983861487548281E-019
  -3.7141491660202593E-002   1.2647110320113921E-019
  -3.6963781173790143E-002  -8.4990240040326111E-020
  -3.6786070687377694E-002  -3.8792511785101929E-019
  -3.6608360200965244E-002  -7.2157583643930886E-019
  -3.6430649714552794E-002  -9.7847461063541636E-019
  -3.6252939228140345E-002  -1.0180459353702567E-018
  -3.6075228741727895E-002  -7.0050486102328948E-019
  -3.5897518255315446E-002   6.0167668682809373E-020
  -3.5719807768902996E-002   1.2333023801100541E-018
  -3.5542097282490547E-002   2.6167338602696399E-018
  -3.5364386796078097E-002   3.8153086604942640E-018
  -3.5186676309665647E-002   4.2795465497402900E-018
  -3.5008965823253198E-002   3.4237238447634159E-018
  -3.4831255336840748E-002   8.2359682464134597E-019
  -3.4653544850428299E-002  -3.5357525086740535E-018
  -3.4475834364015849E-002  -9.0266125857571016E-018
  -3.4298123877603399E-002  -1.4254877353804101E-017
  -3.4120413391190950E-002  -1.7152301058353337E-017
  -3.3942702904778500E-002  -1.5369246716941173E-017
  -3.3764992418366051E-002  -6.9868378043071061E-018
  -3.3587281931953601E-002   8.5409207434913544E-018
  -3.3409571445541152E-002   2.9438398623483735E-017
  -3.3231860959128702E-002   5.0999737418632524E-017
  -3.3054150472716252E-002   6.5728507836158106E-017
  -3.2876439986303803E-002   6.4576921300515811E-017
  -3.2698729499891353E-002   3.9418729226547146E-017
  -3.2521019013478904E-002  -1.3492614583278530E-017
  -3.2343308527066454E-002  -8.9823307556077330E-017
  -3.2165598040654005E-002  -1.7444163882774775E-016
  -3.1987887554241555E-002  -2.4119620875309470E-016
  -3.1810177067829105E-002  -2.5658552079391515E-016
  -3.1632466581416656E-002  -1.8802457552106142E-016
  -3.1454756095004206E-002  -1.6105603958146913E-017
  -3.1277045608591757E-002   2.5151893324965189E-016
  -3.1099335122179304E-002   5.6882360956499151E-016
  -3.0921624635766851E-002   8.4809367441727483E-016
  -3.0743914149354398E-002   9.6992561355677204E-016
  -3.0566203662941945E-002   8.0977267482459693E-016
  -3.0388493176529491E-002   2.7993091233824203E-016
  -3.0210782690117038E-002  -6.2027657702942634E-016
  -3.0033072203704585E-002  -1.7599910677389943E-015
  -2.9855361717292132E-002  -2.8568311931931943E-015
  -2.9677651230879679E-002  -3.5009526394724080E-015
  -2.9499940744467226E-002  -3.2366689157246303E-015
  -2.9322230258054773E-002  -1.7012739495121071E-015
  -2.9144519771642320E-002   1.1999445094883086E-015
  -2.8966809285229867E-002   5.1268742010035254E-015
  -2.8789098798817414E-002   9.2093258741157075E-015
  -2.8611388312404961E-002   1.2092479183056868E-014
  -2.8433677825992508E-002   1.2176007087877069E-014
  -2.8255967339580055E-002   8.0569488617765868E-015
  -2.8078256853167602E-002  -8.8097942493396384E-016
  -2.7900546366755149E-002  -1.3868635513026520E-014
  -2.7722835880342696E-002  -2.8349824989987232E-014
  -2.7545125393930243E-002  -4.0013200912846990E-014
  -2.7367414907517790E-002  -4.3454581119375704E-014
  -2.7189704421105337E-002  -3.3538621899408954E-014
  -2.7011993934692884E-002  -7.3156336921766639E-015
  -2.6834283448280431E-002   3.3914033488946153E-014
  -2.6656572961867978E-002   8.3039894382733639E-014
  -2.6478862475455524E-002   1.2686752609334691E-013
  -2.6301151989043071E-002   1.4782981408058469E-013
  -2.6123441502630618E-002   1.2801510256131634E-013
  -2.5945731016218165E-002   5.5190564459991113E-014
  -2.5768020529805712E-002  -7.0344652295282629E-014
  -2.5590310043393259E-002  -2.3006827841320218E-013
  -2.5412599556980806E-002  -3.8520964532159195E-013
  -2.5234889070568353E-002  -4.8076955206605122E-013
  -2.5057178584155900E-002  -4.5695667347710809E-013
  -2.4879468097743447E-002  -2.6747075141849126E-013
  -2.4701757611330994E-002   9.8558733474898120E-014
  -2.4524047124918541E-002   5.9686805168968588E-013
  -2.4346336638506088E-002   1.1183528718205330E-012
  -2.4168626152093635E-002   1.4971577452854691E-012
  -2.3990915665681182E-002   1.5417218067943994E-012
  -2.3813205179268729E-002   1.0883598147644188E-012
  -2.3635494692856276E-002   6.9057232124805600E-014
  -2.3457784206443823E-002  -1.4233614114736330E-012
  -2.3280073720031370E-002  -3.0960128040165890E-012
  -2.3102363233618917E-002  -4.4673355746585684E-012
  -2.2924652747206464E-002  -4.9472098148192450E-012
  -2.2746942260794011E-002  -3.9884356722507617E-012
  -2.2569231774381558E-002  -1.2890959959308210E-012
  -2.2391521287969104E-002   3.0007098508223835E-012
  -2.2213810801556651E-002   8.1356348975606889E-012
  -2.2036100315144198E-002   1.2770653614352315E-011
  -2.1858389828731745E-002   1.5155788351075405E-011
  -2.1680679342319292E-002   1.3548686862358362E-011
  -2.1502968855906839E-002   6.7982593662244338E-012
  -2.1325258369494386E-002  -5.0245150836280419E-012
  -2.1147547883081933E-002  -2.0139984144626444E-011
  -2.0969837396669480E-002  -3.4939880312122083E-011
  -2.0792126910257027E-002  -4.4425687594947026E-011
  -2.0614416423844574E-002  -4.3289162782013360E-011
  -2.0436705937432121E-002  -2.7538798344323440E-011
  -2.0258995451019668E-002   3.6452984638937248E-012
  -2.0081284964607215E-002   4.6350727044503209E-011
  -1.9903574478194762E-002   9.1302552312307867E-011
  -1.9725863991782309E-002   1.2474706048460680E-010
  -1.9548153505369856E-002   1.3116503688161442E-010
  -1.9370443018957403E-002   9.7650165870253360E-011
  -1.9192732532544950E-002   1.9172025309916583E-011
  -1.9015022046132497E-002  -9.6658081756695133E-011
  -1.8837311559720044E-002  -2.2708091199862255E-010
  -1.8659601073307591E-002  -3.3565248423214052E-010
  -1.8481890586895137E-002  -3.7874873174280124E-010
  -1.8304180100482684E-002  -3.1694434676873390E-010
  -1.8126469614070231E-002  -1.2943452487102081E-010
  -1.7948759127657778E-002   1.7203487881398776E-010
  -1.7771048641245325E-002   5.3445920874306797E-010
  -1.7593338154832872E-002   8.6492054950703884E-010
  -1.7415627668420419E-002   1.0453756432729547E-009
  -1.7237917182007966E-002   9.6117698936308976E-010
  -1.7060206695595513E-002   5.3925737803044188E-010
  -1.6882496209183060E-002  -2.1276071042479137E-010
  -1.6704785722770607E-002  -1.1788346078895881E-009
  -1.6527075236358154E-002  -2.1313404276131942E-009
  -1.6349364749945701E-002  -2.7626000881402818E-009
  -1.6171654263533248E-002  -2.7537268786782526E-009
  -1.5993943777120795E-002  -1.8723330708246748E-009
  -1.5816233290708342E-002  -7.8246500293219963E-011
  -1.5638522804295889E-002   2.3937757674112121E-009
  -1.5460812317883436E-002   5.0091677759222209E-009
  -1.5283101831470983E-002   6.9953016581612809E-009
  -1.5105391345058530E-002   7.5011784993263585E-009
  -1.4927680858646077E-002   5.8390322945128095E-009
  -1.4749970372233624E-002   1.7599105220919962E-009
  -1.4572259885821170E-002  -4.3125030672722474E-009
  -1.4394549399408717E-002  -1.1178862873502774E-008
  -1.4216838912996264E-002  -1.6970439694447115E-008
  -1.4039128426583811E-002  -1.9503917062830420E-008
  -1.3861417940171358E-002  -1.6858491275997039E-008
  -1.3683707453758905E-002  -8.0694196975532055E-009
  -1.3505996967346452E-002   6.2411152376562887E-009
  -1.3328286480933999E-002   2.3516307242195442E-008
  -1.3150575994521546E-002   3.9406057066798074E-008
  -1.2972865508109093E-002   4.8518338500723666E-008
  -1.2795155021696640E-002   4.5749844191538355E-008
  -1.2617444535284187E-002   2.7972284886070150E-008
  -1.2439734048871734E-002  -4.3357859546121849E-009
  -1.2262023562459281E-002  -4.6040680346270747E-008
  -1.2084313076046828E-002  -8.7409297622145955E-008
  -1.1906602589634375E-002  -1.1561409192238975E-007
  -1.1728892103221922E-002  -1.1769145133402685E-007
  -1.1551181616809469E-002  -8.4504384537149534E-008
  -1.1373471130397016E-002  -1.4801362697131266E-008
  -1.1195760643984563E-002   8.1859154974181746E-008
  -1.1018050157572110E-002   1.8458954524168540E-007
  -1.0840339671159657E-002   2.6398653403899062E-007
  -1.0662629184747204E-002   2.8846267613924787E-007
  -1.0484918698334750E-002   2.3324724805064357E-007
  -1.0307208211922297E-002   9.0114010905598280E-008
  -1.0129497725509844E-002  -1.2493808710159046E-007
  -9.9517872390973913E-003  -3.6905320102706398E-007
  -9.7740767526849383E-003  -5.7730502860963046E-007
  -9.5963662662724852E-003  -6.7570933381879331E-007
  -9.4186557798600322E-003  -6.0098208002238343E-007
  -9.2409452934475791E-003  -3.2303612299715744E-007
  -9.0632348070351261E-003   1.3584426160424795E-007
  -8.8855243206226731E-003   6.9201447974442444E-007
  -8.7078138342102200E-003   1.2074590616581665E-006
  -8.5301033477977670E-003   1.5153809641685813E-006
  -8.3523928613853139E-003   1.4620969953393266E-006
  -8.1746823749728609E-003   9.5728716666885571E-007
  -7.9969718885604078E-003   1.9767787603705895E-008
  -7.8192614021479548E-003  -1.1964127163493685E-006
  -7.6415509157355017E-003  -2.4091658260338776E-006
  -7.4638404293230487E-003  -3.2562481372466241E-006
  -7.2861299429105957E-003  -3.3810035913823650E-006
  -7.1084194564981426E-003  -2.5408319617078583E-006
  -6.9307089700856896E-003  -7.1208032843165310E-007
  -6.7529984836732365E-003   1.8412699397858238E-006
  -6.5752879972607835E-003   4.5659377529943315E-006
  -6.3975775108483304E-003   6.7038554189841974E-006
  -6.2198670244358774E-003   7.4613255439117251E-006
  -6.0421565380234243E-003   6.2353618807890987E-006
  -5.8644460516109713E-003   2.8450296461697022E-006
  -5.6867355651985182E-003  -2.3001024499512342E-006
  -5.5090250787860652E-003  -8.1617714586434799E-006
  -5.3313145923736122E-003  -1.3211521102761529E-005
  -5.1536041059611591E-003  -1.5751813378281339E-005
  -4.9758936195487061E-003  -1.4372606393978393E-005
  -4.7981831331362530E-003  -8.4433101826561905E-006
  -4.6204726467238000E-003   1.4968228907572805E-006
  -4.4427621603113469E-003   1.3592295790363961E-005
  -4.2650516738988939E-003   2.4875680693632894E-005
  -4.0873411874864408E-003   3.1852583314256949E-005
  -3.9096307010739878E-003   3.1391759924567749E-005
  -3.7319202146615343E-003   2.1735070673630028E-005
  -3.5542097282490804E-003   3.3594701609051097E-006
  -3.3764992418366265E-003  -2.0600384817939883E-005
  -3.1987887554241726E-003  -4.4603295309234172E-005
  -3.0210782690117187E-003  -6.1720053692186858E-005
  -2.8433677825992648E-003  -6.5309613446928855E-005
  -2.6656572961868109E-003  -5.1022325750232148E-005
  -2.4879468097743569E-003  -1.8622665656918979E-005
  -2.3102363233619030E-003   2.6946154720888407E-005
  -2.1325258369494491E-003   7.5749760131292622E-005
  -1.9548153505369952E-003   1.1454726719626406E-004
  -1.7771048641245411E-003   1.2983729285913771E-004
  -1.5993943777120869E-003   1.1169883188671776E-004
  -1.4216838912996326E-003   5.7494930486704955E-005
  -1.2439734048871783E-003  -2.5670354684213887E-005
  -1.0662629184747237E-003  -1.2074458054209630E-004
  -8.8855243206226956E-004  -2.0334710030194553E-004
  -7.1084194564981532E-004  -2.4710352737417898E-004
  -5.3313145923736098E-004  -2.3076580565915399E-004
  -3.5542097282490387E-004  -1.4546062514328166E-004
  -1.7771048641244651E-004   1.1903129135420304E-017
   1.0861503482641893E-017   1.7771048641246736E-004
   1.7771048641247026E-004   3.4443451789842582E-004
   3.4443451789842631E-004   4.5059022148032351E-004
   4.5059022148031901E-004   4.5301064503239962E-004
   4.5301064503239913E-004   3.2862884207327566E-004
   3.2862884207327404E-004   8.5356678042201569E-005
   8.5356678042204754E-005  -2.3356232750485709E-004
  -2.3356232750485368E-004  -5.5435692683323049E-004
  -5.5435692683322723E-004  -7.8724136328986775E-004
  -7.8724136328985343E-004  -8.4851747587584645E-004
  -8.4851747587585068E-004  -6.8552757177624323E-004
  -6.8552757177625840E-004  -2.9792576951757688E-004
  -2.9792576951759005E-004   2.5154791546446457E-004
   2.5154791546446110E-004   8.4198961229097814E-004
   8.4198961229091872E-004   1.3167132370609943E-003
   1.3167132370609823E-003   1.5202254172757097E-003
   1.5202254172757099E-003   1.3421969445906712E-003
   1.3421969445906888E-003   7.5734234335927768E-004
   7.5734234335931292E-004  -1.5088820770005860E-004
  -1.5088820770009839E-004  -1.1926504446760984E-003
  -1.1926504446760485E-003  -2.1044343789116469E-003
  -2.1044343789116370E-003  -2.6087471635337649E-003
  -2.6087471635337540E-003  -2.4890287266267235E-003
  -2.4890287266267222E-003  -1.6615574354214898E-003
  -1.6615574354214412E-003  -2.2354273666279833E-004
  -2.2354273666281785E-004   1.5405311963432545E-003
   1.5405311963432556E-003   3.2037667603895615E-003
   3.2037667603894617E-003   4.2896664345901990E-003
   4.2896664345901565E-003   4.3955517102002625E-003
   4.3955517102002937E-003   3.3175127938382932E-003
   3.3175127938382684E-003   1.1422021231159798E-003
   1.1422021231160353E-003  -1.7260373317863861E-003
  -1.7260373317863824E-003  -4.6216032286984631E-003
  -4.6216032286984163E-003  -6.7563881139784164E-003
  -6.7563881139782863E-003  -7.4163607267940480E-003
  -7.4163607267939352E-003  -6.1711172566077501E-003
  -6.1711172566078967E-003  -3.0403170909375867E-003
  -3.0403170909376501E-003   1.4364748016271040E-003
   1.4364748016270383E-003   6.2619929380102191E-003
   6.2619929380099259E-003   1.0180048981087604E-002
   1.0180048981087566E-002   1.1978138588368143E-002
   1.1978138588368091E-002   1.0826950254651789E-002
   1.0826950254651812E-002   6.5688307715146676E-003
   6.5688307715149287E-003  -1.3259670289709176E-004
  -1.3259670289717229E-004  -7.8448474323664624E-003
  -7.8448474323662698E-003  -1.4638145359550677E-002
  -1.4638145359550526E-002  -1.8535286537469560E-002
  -1.8535286537469484E-002  -1.8043363469905573E-002
  -1.8043363469905774E-002  -1.2633621757708300E-002
  -1.2633621757708132E-002  -3.0298532345190326E-003
  -3.0298532345189714E-003   8.8023572273334891E-003
   8.8023572273338169E-003   2.0006772265849147E-002
   2.0006772265849657E-002   2.7481664292173726E-002
   2.7481664292173403E-002   2.8685079534916655E-002
   2.8685079534916065E-002   2.2403057854822096E-002
   2.2403057854822092E-002   9.2657543463563006E-003
   9.2657543463563110E-003  -8.1648057314749577E-003
  -8.1648057314745830E-003  -2.5818896106989248E-002
  -2.5818896106988114E-002  -3.9010217853413728E-002
  -3.9010217853412958E-002  -4.3615226015028603E-002
  -4.3615226015028687E-002  -3.7258988368393614E-002
  -3.7258988368394114E-002  -2.0186397560356069E-002
  -2.0186397560356839E-002   4.4592402537956509E-003
   4.4592402537947644E-003   3.1103267814849324E-002
   3.1103267814849907E-002   5.2922371999690389E-002
   5.2922371999690326E-002   6.3514482077009757E-002
   6.3514482077009410E-002   5.8666100916801286E-002
   5.8666100916799836E-002   3.7751910348101755E-002
   3.7751910348104538E-002   4.3434281374354891E-003
   4.3434281374364371E-003  -3.4234213505023335E-002
  -3.4234213505019540E-002  -6.8405281965929543E-002
  -6.8405281965929668E-002  -8.8628529581928420E-002
  -8.8628529581927989E-002  -8.7942379379252505E-002
  -8.7942379379250063E-002  -6.4116818055465055E-002
  -6.4116818055463459E-002  -2.0788954235133595E-002
  -2.0788954235132058E-002   3.2838276216735206E-002
   3.2838276216736469E-002   8.3815503623095283E-002
   8.3815503623092757E-002  0.11846637534613529     
  0.11846637534613404       0.12593137924698353     
  0.12593137924698405       0.10134588042948925     
  0.10134588042948763        4.7764528375615782E-002
   4.7764528375614616E-002  -2.3814105356125225E-002
  -2.3814105356129399E-002  -9.6527746171786777E-002
  -9.6527746171784778E-002 -0.15149852157651642     
 -0.15149852157651356      -0.17260483133926946     
 -0.17260483133926946      -0.15100095169027086     
 -0.15100095169026850       -8.8158700222669348E-002
  -8.8158700222669500E-002   3.5205801846356745E-003
   3.5205801846341488E-003  0.10292006037387701     
  0.10292006037387030       0.18492915855830883     
  0.18492915855831063       0.22665753282178391     
  0.22665753282178258       0.21363507844799104     
  0.21363507844798726       0.14435779003294935     
  0.14435779003295732        3.1830714352221103E-002
   3.1830714352226300E-002  -9.8564076045129581E-002
  -9.8564076045124224E-002 -0.21463153445839003     
 -0.21463153445838168      -0.28518727808340322     
 -0.28518727808339928      -0.28827142343982082     
 -0.28827142343982420      -0.21762438022103156     
 -0.21762438022102745       -8.5580948337243903E-002
  -8.5580948337246693E-002   7.8664417031062694E-002
   7.8664417031070355E-002  0.23533082124408317     
  0.23533082124407750       0.34356949277104487     
  0.34356949277104276       0.37198110327850253     
  0.37198110327850314       0.30745336312636956     
  0.30745336312636068       0.15988377587035513     
  0.15988377587036520       -3.8743765163608779E-002
  -3.8743765163610798E-002 -0.24108734886215355     
 -0.24108734886214317      -0.39562809739970944     
 -0.39562809739970856      -0.45969202398379644     
 -0.45969202398379566      -0.41104291964544909     
 -0.41104291964544554      -0.25493438153047782     
 -0.25493438153049203       -2.4494724429474896E-002
  -2.4494724429481595E-002  0.22607474888936741     
  0.22607474888935064       0.43416405389615287     
  0.43416405389614099       0.54434776146012409     
  0.54434776146012087       0.52303566271507840     
  0.52303566271509827       0.36832959806678434     
  0.36832959806678345       0.11226367501471737     
  0.11226367501471937      -0.18557114023664553     
 -0.18557114023664256      -0.45183255379063186     
 -0.45183255379061482      -0.61748505398285802     
 -0.61748505398284959      -0.63566551232607427     
 -0.63566551232608071      -0.49473721576441992     
 -0.49473721576441632      -0.22293319488279092     
 -0.22293319488279936       0.11700477918515614     
  0.11700477918515123       0.44227107774722724     
  0.44227107774720642       0.67021459825158458     
  0.67021459825156693       0.73938346875489258     
  0.73938346875489291       0.62602476453742073     
  0.62602476453741540       0.35161837206760138     
  0.35161837206759977       -2.0841700210980810E-002
  -2.0841700210980731E-002 -0.40129530728910962     
 -0.40129530728909718      -0.69448873286681712     
 -0.69448873286681567      -0.82393766478254904     
 -0.82393766478254726      -0.75192280738306350     
 -0.75192280738306472      -0.49027566775799630     
 -0.49027566775799697       -9.8906475573107097E-002
  -9.8906475573104696E-002  0.32792423662479508     
  0.32792423662480102       0.68444703824744901     
  0.68444703824745201       0.87977048001155000     
  0.87977048001154468       0.86118645214353784     
  0.86118645214353151       0.62838293832546810     
  0.62838293832548653       0.23472877657133820     
  0.23472877657134908      -0.22499231774357828     
 -0.22499231774356926      -0.63757557045288249     
 -0.63757557045287239      -0.89949778087323162     
 -0.89949778087321808      -0.94309652074899175     
 -0.94309652074898065      -0.75415404615051818     
 -0.75415404615053783      -0.37628796464717001     
 -0.37628796464717934        9.9165462213031172E-002
   9.9165462213019320E-002  0.55541973700544722     
  0.55541973700542802       0.87918297336140028     
  0.87918297336138107       0.98904169728692726     
  0.98904169728692881       0.85610945773789604     
  0.85610945773790459       0.51165857030397388     
  0.51165857030401751        3.9708171606833785E-002
   3.9708171606862200E-002 -0.44366210706577180     
 -0.44366210706578557      -0.81913263398303360     
 -0.81913263398304248      -0.99387619927588766     
 -0.99387619927588478      -0.92472455254667207     
 -0.92472455254666774      -0.62893362617731707     
 -0.62893362617732929      -0.17983777579742422     
 -0.17983777579741098       0.31150255819440847     
  0.31150255819442552       0.72402447684322135     
  0.72402447684322524       0.95677278417928313     
  0.95677278417927625       0.95383831223497373     
  0.95383831223496585       0.71790710730616669     
  0.71790710730617735       0.30910837830054361     
  0.30910837830054022      -0.17042914315106383     
 -0.17042914315106672      -0.60231506330953777     
 -0.60231506330952633      -0.88138700072828491     
 -0.88138700072826970      -0.94154188069734912     
 -0.94154188069734412      -0.77150907415978220     
 -0.77150907415979597      -0.41677505052023250     
 -0.41677505052023811        3.2604357897936247E-002
   3.2604357897925318E-002  0.46502988017327068     
  0.46502988017325675       0.77529323315261223     
  0.77529323315261944       0.89037289583169910     
  0.89037289583169854       0.78671823739505375     
  0.78671823739505453       0.49490940698833247     
  0.49490940698834224        9.0823950160509606E-002
   9.0823950160518530E-002 -0.32417125099093624     
 -0.32417125099089250      -0.64880893131302719     
 -0.64880893131301898      -0.80679066091697216     
 -0.80679066091696527      -0.76479076521512179     
 -0.76479076521510914      -0.53933236500203041     
 -0.53933236500203108      -0.19116773684036961     
 -0.19116773684036362       0.19105489724610694     
  0.19105489724611563       0.51344945941336495     
  0.51344945941336173       0.70005976110216328     
  0.70005976110216039       0.71079410216043415     
  0.71079410216043637       0.54988609742815930     
  0.54988609742817518       0.26314638029150517     
  0.26314638029149678       -7.4885513421906760E-002
  -7.4885513421917335E-002 -0.38032027776616556     
 -0.38032027776615823      -0.58078596733690524     
 -0.58078596733689802      -0.63258027280168649     
 -0.63258027280168827      -0.53004546840049727     
 -0.53004546840049538      -0.30520436968977305     
 -0.30520436968976788       -1.8190807065689801E-002
  -1.8190807065700067E-002  0.25874236456783084     
  0.25874236456781841       0.45940040059434623     
  0.45940040059433890       0.53943753516269000     
  0.53943753516268877       0.48600550494603117     
  0.48600550494603062       0.31920869572297844     
  0.31920869572298544        8.5440439692290662E-002
   8.5440439692304554E-002 -0.15532928087649223     
 -0.15532928087648779      -0.34486778390845341     
 -0.34486778390845169      -0.44069929808182073     
 -0.44069929808181757      -0.42547313138570464     
 -0.42547313138570725      -0.30966070251861944     
 -0.30966070251863076      -0.12731994401821264     
 -0.12731994401822128        7.3616083513980871E-002
   7.3616083513973668E-002  0.24381457838332093     
  0.24381457838331910       0.34456167216104028     
  0.34456167216103872       0.35642044205731832     
  0.35642044205731993       0.28263611200396271     
  0.28263611200396604       0.14680803277302587     
  0.14680803277301918       -1.4215611924746829E-002
  -1.4215611924751168E-002 -0.16016011354023066     
 -0.16016011354023010      -0.25728131778344321     
 -0.25728131778343977      -0.28602428285329107     
 -0.28602428285329157      -0.24468653562196704     
 -0.24468653562197265      -0.14848880510906404     
 -0.14848880510906309       -2.4622036366574073E-002
  -2.4622036366573907E-002   9.5220792441262636E-002
   9.5220792441262719E-002  0.18282065206707374     
  0.18282065206707473       0.21994023917354005     
  0.21994023917353914       0.20190064707349098     
  0.20190064707348815       0.13759493976104667     
  0.13759493976105350        4.6225783164156986E-002
   4.6225783164157992E-002  -4.8171418788709786E-002
  -4.8171418788703180E-002 -0.12290747977367136     
 -0.12290747977366853      -0.16196451526827035     
 -0.16196451526826944      -0.15925159315231049     
 -0.15925159315231305      -0.11918359299430396     
 -0.11918359299430469       -5.4679654210805867E-002
  -5.4679654210805249E-002   1.6704062347787801E-002
   1.6704062347784009E-002   7.7403681625928908E-002
   7.7403681625925938E-002  0.11405072301785817     
  0.11405072301785564       0.12027353484681010     
  0.12027353484680865        9.7552450131944329E-002
   9.7552450131947493E-002   5.4107315838311604E-002
   5.4107315838313567E-002   2.2749874846033896E-003
   2.2749874846055510E-003  -4.4843929616445739E-002
  -4.4843929616441708E-002  -7.6588912944904691E-002
  -7.6588912944902193E-002  -8.7036841310353524E-002
  -8.7036841310353719E-002  -7.5930700656739084E-002
  -7.5930700656739666E-002  -4.8155334567318769E-002
  -4.8155334567320740E-002  -1.2035880080497486E-002
  -1.2035880080500733E-002   2.3009302683303739E-002
   2.3009302683302028E-002   4.8828871891829315E-002
   4.8828871891827774E-002   6.0343048852722320E-002
   6.0343048852721799E-002   5.6418380495922640E-002
   5.6418380495923390E-002   3.9703340541805715E-002
   3.9703340541807706E-002   1.5578049823626610E-002
   1.5578049823629135E-002  -9.4317302511538782E-003
  -9.4317302511552660E-003  -2.9335821044117267E-002
  -2.9335821044117326E-002  -4.0041943478787853E-002
  -4.0041943478787853E-002  -4.0108697076419675E-002
  -4.0108697076419668E-002  -3.0778731769781593E-002
  -3.0778731769780538E-002  -1.5367729679660821E-002
  -1.5367729679659015E-002   1.7688981252523745E-003
   1.7688981252533043E-003   1.6394131512803101E-002
   1.6394131512803268E-002   2.5380048888386790E-002
   2.5380048888386842E-002   2.7314125343709240E-002
   2.7314125343709302E-002   2.2622752114201412E-002
   2.2622752114201630E-002   1.3241635016743615E-002
   1.3241635016743334E-002   1.9679646326032372E-003
   1.9679646326029505E-003  -8.3110314751050872E-003
  -8.3110314751046604E-003  -1.5313199293196026E-002
  -1.5313199293195766E-002  -1.7823828123688244E-002
  -1.7823828123688212E-002  -1.5844633118951127E-002
  -1.5844633118951318E-002  -1.0434241699581117E-002
  -1.0434241699580977E-002  -3.3184364320599873E-003
  -3.3184364320599426E-003   3.6065932529813663E-003
   3.6065932529810094E-003   8.7453029776132334E-003
   8.7453029776130529E-003   1.1139215169316350E-002
   1.1139215169316312E-002   1.0606593770213578E-002
   1.0606593770213694E-002   7.6787485194098545E-003
   7.6787485194098034E-003   3.3759410387169753E-003
   3.3759410387168213E-003  -1.1016213923156484E-003
  -1.1016213923156757E-003  -4.6823112493734730E-003
  -4.6823112493734557E-003  -6.6577183634735568E-003
  -6.6577183634735030E-003  -6.7979484592212121E-003
  -6.7979484592212407E-003  -5.3370830877140490E-003
  -5.3370830877140568E-003  -2.8508336485101415E-003
  -2.8508336485100270E-003  -7.1031117888783037E-005
  -7.1031117888798324E-005   2.3097573304769648E-003
   2.3097573304768533E-003   3.7955824996043323E-003
   3.7955824996042100E-003   4.1746322859332946E-003
   4.1746322859332998E-003   3.5264744553498879E-003
   3.5264744553500011E-003   2.1592945994357115E-003
   2.1592945994357718E-003   5.0257027134412873E-004
   5.0257027134420116E-004  -1.0125779786368226E-003
  -1.0125779786366714E-003  -2.0550691814561241E-003
  -2.0550691814560491E-003  -2.4561995077163213E-003
  -2.4561995077163109E-003  -2.2239243890451489E-003
  -2.2239243890452040E-003  -1.5131780072305681E-003
  -1.5131780072306078E-003  -5.6616163889190035E-004
  -5.6616163889195434E-004   3.5849868335670820E-004
   3.5849868335667047E-004   1.0491588724137139E-003
   1.0491588724136579E-003   1.3832843583114079E-003
   1.3832843583113914E-003   1.3417370689497049E-003
   1.3417370689497283E-003   9.9634467083485265E-004
   9.9634467083487650E-004   4.7805168825943524E-004
   4.7805168825944369E-004  -6.3618254348438835E-005
  -6.3618254348416094E-005  -4.9875426528648431E-004
  -4.9875426528645406E-004  -7.4425037683013807E-004
  -7.4425037683012452E-004  -7.7539879604975460E-004
  -7.7539879604976447E-004  -6.2176306022290804E-004
  -6.2176306022292387E-004  -3.5096721250300720E-004
  -3.5096721250302775E-004  -4.6293383530816127E-005
  -4.6293383530849168E-005   2.1555237955992335E-004
   2.1555237955992850E-004   3.8127613459586847E-004
   3.8127613459586841E-004   4.2938793989278213E-004
   4.2938793989278208E-004   3.6963733398391162E-004
   3.6963733398390631E-004   2.3519619305842958E-004
   2.3519619305841874E-004   7.0715639457550540E-005
   7.0715639457537407E-005  -8.0188776656575964E-005
  -8.0188776656586806E-005  -1.8496461223614232E-004
  -1.8496461223614630E-004  -2.2774008399079862E-004
  -2.2774008399079854E-004  -2.1000040990509645E-004
  -2.1000040990509333E-004  -1.4705974256586248E-004
  -1.4705974256585508E-004  -6.1928899783096020E-005
  -6.1928899783089610E-005   2.1495506520006243E-005
   2.1495506520011664E-005   8.4187559199649516E-005
   8.4187559199651955E-005   1.1553101793782026E-004
   1.1553101793781802E-004   1.1421916721180652E-004
   1.1421916721180628E-004   8.6798048140925767E-005
   8.6798048140926648E-005   4.4641017514029616E-005
   4.4641017514028586E-005   3.6562091195813612E-007
   3.6562091195833444E-007  -3.5355824443691799E-005
  -3.5355824443691413E-005  -5.5915156005620148E-005
  -5.5915156005619504E-005  -5.9523236081531351E-005
  -5.9523236081530843E-005  -4.8686760687417259E-005
  -4.8686760687417862E-005  -2.8778961856877489E-005
  -2.8778961856877300E-005  -6.2182840197156547E-006
  -6.2182840197151363E-006   1.3238647682336065E-005
   1.3238647682335977E-005   2.5710046649112185E-005
   2.5710046649112229E-005   2.9720196724532514E-005
   2.9720196724532589E-005   2.6059745296530965E-005
   2.6059745296531056E-005   1.7142488900566257E-005
   1.7142488900565932E-005   6.1116202410704953E-006
   6.1116202410703039E-006  -4.0433170536593438E-006
  -4.0433170536595242E-006  -1.1152967331315326E-005
  -1.1152967331315309E-005  -1.4205489074006258E-005
  -1.4205489074006051E-005  -1.3342865803618184E-005
  -1.3342865803618263E-005  -9.5874613357649607E-006
  -9.5874613357649776E-006  -4.4191456039949284E-006
  -4.4191456039950843E-006   6.6631862045281235E-007
   6.6631862045255030E-007   4.5097497642641098E-006
   4.5097497642640133E-006   6.4876666322182260E-006
   6.4876666322181820E-006   6.5435946142413761E-006
   6.5435946142414328E-006   5.0798174184165271E-006
   5.0798174184165432E-006   2.7648114168175859E-006
   2.7648114168177456E-006   3.1974041071244823E-007
   3.1974041071270298E-007  -1.6612455612663761E-006
  -1.6612455612662244E-006  -2.8219352942209561E-006
  -2.8219352942208867E-006  -3.0750441789414099E-006
  -3.0750441789414396E-006  -2.5634118707524350E-006
  -2.5634118707524837E-006  -1.5758290643107021E-006
  -1.5758290643107181E-006  -4.4727811692537101E-007
  -4.4727811692544042E-007   5.2950237078266669E-007
   5.2950237078258739E-007   1.1628425964455169E-006
   1.1628425964454756E-006   1.3841231330422214E-006
   1.3841231330422233E-006   1.2359937537322496E-006
   1.2359937537322871E-006   8.3719314809500124E-007
   8.3719314809500325E-007   3.3752748011166652E-007
   3.3752748011172454E-007  -1.2417301917143309E-007
  -1.2417301917138470E-007  -4.4991128293421294E-007
  -4.4991128293421982E-007  -5.9596112029947261E-007
  -5.9596112029947261E-007  -5.7049704997756175E-007
  -5.7049704997756186E-007  -4.1961947634680096E-007
  -4.1961947634678683E-007  -2.0774858027469205E-007
  -2.0774858027467796E-007   1.6937804798181301E-009
   1.6937804798322444E-009   1.6083944694947526E-007
   1.6083944694947529E-007   2.4486109370855453E-007
   2.4486109370855458E-007   2.5229467844802793E-007
   2.5229467844802793E-007   1.9981472892713395E-007
   1.9981472892713038E-007   1.1400710558648493E-007
   1.1400710558647573E-007   2.2788789598353215E-008
   2.2788789598347924E-008  -5.1423661472839366E-008
  -5.1423661472840498E-008  -9.5610785124224776E-008
  -9.5610785124224763E-008  -1.0690339830273928E-007
  -1.0690339830273875E-007  -9.0775965343281381E-008
  -9.0775965343282003E-008  -5.7726794772790938E-008
  -5.7726794772789793E-008  -1.9594610773298457E-008
  -1.9594610773297967E-008   1.3533471122042099E-008
   1.3533471122042412E-008   3.5240935552860536E-008
   3.5240935552860000E-008   4.3366021707123376E-008
   4.3366021707123390E-008   3.9444237808364661E-008
   3.9444237808365250E-008   2.7424082112753596E-008
   2.7424082112753381E-008   1.2139273683386321E-008
   1.2139273683386297E-008  -2.0422967323470282E-009
  -2.0422967323469831E-009  -1.2119624692305273E-008
  -1.2119624692304874E-008  -1.6811299116990034E-008
  -1.6811299116989964E-008  -1.6415763721499399E-008
  -1.6415763721499578E-008  -1.2337142337293920E-008
