  -1.4216838912996264E-002  -1.6970439694446765E-008
  -1.4039128426583811E-002  -1.9503917062830473E-008
  -1.3861417940171358E-002  -1.6858491275997555E-008
  -1.3683707453758905E-002  -8.0694196975544132E-009
  -1.3505996967346452E-002   6.2411152376549040E-009
  -1.3328286480933999E-002   2.3516307242193996E-008
  -1.3150575994521546E-002   3.9406057066796605E-008
  -1.2972865508109093E-002   4.8518338500723123E-008
  -1.2795155021696640E-002   4.5749844191539348E-008
  -1.2617444535284187E-002   2.7972284886071305E-008
  -1.2439734048871734E-002  -4.3357859546105479E-009
  -1.2262023562459281E-002  -4.6040680346269364E-008
  -1.2084313076046828E-002  -8.7409297622144936E-008
  -1.1906602589634375E-002  -1.1561409192238911E-007
  -1.1728892103221922E-002  -1.1769145133402799E-007
  -1.1551181616809469E-002  -8.4504384537151823E-008
  -1.1373471130397016E-002  -1.4801362697136102E-008
  -1.1195760643984563E-002   8.1859154974176412E-008
  -1.1018050157572110E-002   1.8458954524167942E-007
  -1.0840339671159657E-002   2.6398653403898712E-007
  -1.0662629184747204E-002   2.8846267613924787E-007
  -1.0484918698334750E-002   2.3324724805064950E-007
  -1.0307208211922297E-002   9.0114010905609860E-008
  -1.0129497725509844E-002  -1.2493808710157336E-007
  -9.9517872390973913E-003  -3.6905320102704661E-007
  -9.7740767526849383E-003  -5.7730502860961807E-007
  -9.5963662662724852E-003  -6.7570933381879109E-007
  -9.4186557798600322E-003  -6.0098208002239624E-007
  -9.2409452934475791E-003  -3.2303612299718735E-007
  -9.0632348070351261E-003   1.3584426160420700E-007
  -8.8855243206226731E-003   6.9201447974437468E-007
  -8.7078138342102200E-003   1.2074590616581316E-006
  -8.5301033477977670E-003   1.5153809641685690E-006
  -8.3523928613853139E-003   1.4620969953393565E-006
  -8.1746823749728609E-003   9.5728716666892030E-007
  -7.9969718885604078E-003   1.9767787603816691E-008
  -7.8192614021479548E-003  -1.1964127163492404E-006
  -7.6415509157355017E-003  -2.4091658260338412E-006
  -7.4638404293230487E-003  -3.2562481372466080E-006
  -7.2861299429105957E-003  -3.3810035913823798E-006
  -7.1084194564981426E-003  -2.5408319617079083E-006
  -6.9307089700856896E-003  -7.1208032843173389E-007
  -6.7529984836732365E-003   1.8412699397857098E-006
  -6.5752879972607835E-003   4.5659377529942214E-006
  -6.3975775108483304E-003   6.7038554189841237E-006
  -6.2198670244358774E-003   7.4613255439117116E-006
  -6.0421565380234243E-003   6.2353618807891970E-006
  -5.8644460516109713E-003   2.8450296461699343E-006
  -5.6867355651985182E-003  -2.3001024499509229E-006
  -5.5090250787860652E-003  -8.1617714586431173E-006
  -5.3313145923736122E-003  -1.3211521102761252E-005
  -5.1536041059611591E-003  -1.5751813378281261E-005
  -4.9758936195487061E-003  -1.4372606393978670E-005
  -4.7981831331362530E-003  -8.4433101826567800E-006
  -4.6204726467238000E-003   1.4968228907564674E-006
  -4.4427621603113469E-003   1.3592295790363080E-005
  -4.2650516738988939E-003   2.4875680693632111E-005
  -4.0873411874864408E-003   3.1852583314256719E-005
  -3.9096307010739878E-003   3.1391759924568189E-005
  -3.7319202146615343E-003   2.1735070673631367E-005
  -3.5542097282490804E-003   3.3594701609070596E-006
  -3.3764992418366265E-003  -2.0600384817937714E-005
  -3.1987887554241726E-003  -4.4603295309232362E-005
  -3.0210782690117187E-003  -6.1720053692185638E-005
  -2.8433677825992648E-003  -6.5309613446929221E-005
  -2.6656572961868109E-003  -5.1022325750234465E-005
  -2.4879468097743569E-003  -1.8622665656920412E-005
  -2.3102363233619030E-003   2.6946154720886618E-005
  -2.1325258369494491E-003   7.5749760131290996E-005
  -1.9548153505369952E-003   1.1454726719626304E-004
  -1.7771048641245411E-003   1.2983729285913787E-004
  -1.5993943777120869E-003   1.1169883188671949E-004
  -1.4216838912996328E-003   5.7494930486708153E-005
  -1.2439734048871787E-003  -2.5670354684209798E-005
  -1.0662629184747241E-003  -1.2074458054209113E-004
  -8.8855243206226978E-004  -2.0334710030194125E-004
  -7.1084194564981543E-004  -2.4710352737417768E-004
  -5.3313145923736109E-004  -2.3076580565915697E-004
  -3.5542097282490674E-004  -1.4546062514328889E-004
  -1.7771048641245231E-004   1.4878911419275276E-018
   2.1878861027578578E-018   1.7771048641245597E-004
   1.7771048641245752E-004   3.4443451789841655E-004
   3.4443451789841693E-004   4.5059022148031934E-004
   4.5059022148031901E-004   4.5301064503240466E-004
   4.5301064503240260E-004   3.2862884207329095E-004
   3.2862884207328786E-004   8.5356678042224960E-005
   8.5356678042222101E-005  -2.3356232750483072E-004
  -2.3356232750483278E-004  -5.5435692683320794E-004
  -5.5435692683320859E-004  -7.8724136328985604E-004
  -7.8724136328985333E-004  -8.4851747587585122E-004
  -8.4851747587585068E-004  -6.8552757177626957E-004
  -6.8552757177626784E-004  -2.9792576951762398E-004
  -2.9792576951761780E-004   2.5154791546440634E-004
   2.5154791546441486E-004   8.4198961229092263E-004
   8.4198961229091872E-004   1.3167132370609841E-003
   1.3167132370609823E-003   1.5202254172757086E-003
   1.5202254172757099E-003   1.3421969445906821E-003
   1.3421969445906888E-003   7.5734234335931357E-004
   7.5734234335931292E-004  -1.5088820770001540E-004
  -1.5088820770002901E-004  -1.1926504446760561E-003
  -1.1926504446760485E-003  -2.1044343789116157E-003
  -2.1044343789116140E-003  -2.6087471635337562E-003
  -2.6087471635337540E-003  -2.4890287266267444E-003
  -2.4890287266267452E-003  -1.6615574354215442E-003
  -1.6615574354215340E-003  -2.2354273666290447E-004
  -2.2354273666288723E-004   1.5405311963431459E-003
   1.5405311963431630E-003   3.2037667603894656E-003
   3.2037667603894617E-003   4.2896664345901583E-003
   4.2896664345901565E-003   4.3955517102002850E-003
   4.3955517102002928E-003   3.3175127938383894E-003
   3.3175127938383894E-003   1.1422021231161457E-003
   1.1422021231161483E-003  -1.7260373317861510E-003
  -1.7260373317861972E-003  -4.6216032286982402E-003
  -4.6216032286982706E-003  -6.7563881139783045E-003
  -6.7563881139782863E-003  -7.4163607267940680E-003
  -7.4163607267940471E-003  -6.1711172566079487E-003
  -6.1711172566079513E-003  -3.0403170909378964E-003
  -3.0403170909378920E-003   1.4364748016267247E-003
   1.4364748016267416E-003   6.2619929380097594E-003
   6.2619929380097888E-003   1.0180048981087297E-002
   1.0180048981087330E-002   1.1978138588368093E-002
   1.1978138588368093E-002   1.0826950254652055E-002
   1.0826950254652048E-002   6.5688307715152322E-003
   6.5688307715152062E-003  -1.3259670289693178E-004
  -1.3259670289689473E-004  -7.8448474323662420E-003
  -7.8448474323661935E-003  -1.4638145359550455E-002
  -1.4638145359550488E-002  -1.8535286537469480E-002
  -1.8535286537469484E-002  -1.8043363469905704E-002
  -1.8043363469905736E-002  -1.2633621757708642E-002
  -1.2633621757708576E-002  -3.0298532345195898E-003
  -3.0298532345195265E-003   8.8023572273329756E-003
   8.8023572273330034E-003   2.0006772265848741E-002
   2.0006772265848769E-002   2.7481664292173406E-002
   2.7481664292173403E-002   2.8685079534916790E-002
   2.8685079534916658E-002   2.2403057854822647E-002
   2.2403057854822529E-002   9.2657543463573085E-003
   9.2657543463571992E-003  -8.1648057314737850E-003
  -8.1648057314738422E-003  -2.5818896106988308E-002
  -2.5818896106988114E-002  -3.9010217853413104E-002
  -3.9010217853412958E-002  -4.3615226015028638E-002
  -4.3615226015028687E-002  -3.7258988368394565E-002
  -3.7258988368394468E-002  -2.0186397560357765E-002
  -2.0186397560357578E-002   4.4592402537935632E-003
   4.4592402537936542E-003   3.1103267814847523E-002
   3.1103267814847686E-002   5.2922371999689154E-002
   5.2922371999689216E-002   6.3514482077009493E-002
   6.3514482077009410E-002   5.8666100916802438E-002
   5.8666100916802057E-002   3.7751910348104552E-002
   3.7751910348104538E-002   4.3434281374392144E-003
   4.3434281374386575E-003  -3.4234213505019526E-002
  -3.4234213505019540E-002  -6.8405281965927003E-002
  -6.8405281965927267E-002  -8.8628529581928073E-002
  -8.8628529581927989E-002  -8.7942379379252825E-002
  -8.7942379379252464E-002  -6.4116818055466027E-002
  -6.4116818055465971E-002  -2.0788954235135756E-002
  -2.0788954235135017E-002   3.2838276216732888E-002
   3.2838276216733596E-002   8.3815503623092827E-002
   8.3815503623092757E-002  0.11846637534613437     
  0.11846637534613404       0.12593137924698392     
  0.12593137924698405       0.10134588042949036     
  0.10134588042949072        4.7764528375617607E-002
   4.7764528375618502E-002  -2.3814105356123081E-002
  -2.3814105356123480E-002  -9.6527746171783974E-002
  -9.6527746171782558E-002 -0.15149852157651478     
 -0.15149852157651356      -0.17260483133926952     
 -0.17260483133926946      -0.15100095169027397     
 -0.15100095169027294       -8.8158700222675024E-002
  -8.8158700222673941E-002   3.5205801846285995E-003
   3.5205801846297079E-003  0.10292006037387026     
  0.10292006037387030       0.18492915855830416     
  0.18492915855830469       0.22665753282178278     
  0.22665753282178258       0.21363507844799404     
  0.21363507844799318       0.14435779003295604     
  0.14435779003295732        3.1830714352230081E-002
   3.1830714352232219E-002  -9.8564076045120436E-002
  -9.8564076045118312E-002 -0.21463153445838309     
 -0.21463153445838168      -0.28518727808340044     
 -0.28518727808339928      -0.28827142343982332     
 -0.28827142343982420      -0.21762438022103900     
 -0.21762438022103930       -8.5580948337261445E-002
  -8.5580948337258531E-002   7.8664417031055547E-002
   7.8664417031058503E-002  0.23533082124407734     
  0.23533082124407750       0.34356949277104276     
  0.34356949277104276       0.37198110327850287     
  0.37198110327850314       0.30745336312637261     
  0.30745336312637178       0.15988377587036284     
  0.15988377587036520       -3.8743765163599869E-002
  -3.8743765163599696E-002 -0.24108734886214564     
 -0.24108734886214317      -0.39562809739970606     
 -0.39562809739970412      -0.45969202398379599     
 -0.45969202398379566      -0.41104291964545370     
 -0.41104291964545442      -0.25493438153048642     
 -0.25493438153049203       -2.4494724429485585E-002
  -2.4494724429490477E-002  0.22607474888935036     
  0.22607474888935064       0.43416405389614093     
  0.43416405389614099       0.54434776146012076     
  0.54434776146012087       0.52303566271508473     
  0.52303566271508717       0.36832959806679949     
  0.36832959806680127       0.11226367501473787     
  0.11226367501473740      -0.18557114023662458     
 -0.18557114023662480      -0.45183255379061577     
 -0.45183255379061316      -0.61748505398285114     
 -0.61748505398284959      -0.63566551232607882     
 -0.63566551232608082      -0.49473721576443508     
 -0.49473721576443375      -0.22293319488281355     
 -0.22293319488282159       0.11700477918513148     
  0.11700477918512757       0.44227107774720664     
  0.44227107774720043       0.67021459825156693     
  0.67021459825156693       0.73938346875489291     
  0.73938346875489291       0.62602476453742639     
  0.62602476453742373       0.35161837206762064     
  0.35161837206761642       -2.0841700210958498E-002
  -2.0841700210962967E-002 -0.40129530728908974     
 -0.40129530728909102      -0.69448873286681079     
 -0.69448873286680646      -0.82393766478254804     
 -0.82393766478254726      -0.75192280738306827     
 -0.75192280738307260      -0.49027566775800596     
 -0.49027566775801140       -9.8906475573119226E-002
  -9.8906475573125985E-002  0.32792423662478343     
  0.32792423662477765       0.68444703824744069     
  0.68444703824743636       0.87977048001154734     
  0.87977048001154456       0.86118645214354139     
  0.86118645214354161       0.62838293832549608     
  0.62838293832549497       0.23472877657137617     
  0.23472877657137084      -0.22499231774353953     
 -0.22499231774354528      -0.63757557045285240     
 -0.63757557045285640      -0.89949778087321808     
 -0.89949778087321819      -0.94309652074899586     
 -0.94309652074899442      -0.75415404615053494     
 -0.75415404615054227      -0.37628796464719527     
 -0.37628796464720210        9.9165462213003541E-002
   9.9165462212995645E-002  0.55541973700542402     
  0.55541973700541547       0.87918297336138751     
  0.87918297336138107       0.98904169728692826     
  0.98904169728692892       0.85610945773791736     
  0.85610945773792035       0.51165857030401019     
  0.51165857030402140        3.9708171606890427E-002
   3.9708171606884689E-002 -0.44366210706575909     
 -0.44366210706576403      -0.81913263398302549     
 -0.81913263398302827      -0.99387619927588455     
 -0.99387619927588489      -0.92472455254668284     
 -0.92472455254667907      -0.62893362617733906     
 -0.62893362617733761      -0.17983777579743815     
 -0.17983777579743263       0.31150255819439504     
  0.31150255819440109       0.72402447684321192     
  0.72402447684320648       0.95677278417927980     
  0.95677278417927658       0.95383831223497728     
  0.95383831223497761       0.71790710730617635     
  0.71790710730618412       0.30910837830055682     
  0.30910837830056415      -0.17042914315105032     
 -0.17042914315104291      -0.60231506330950613     
 -0.60231506330951012      -0.88138700072826970     
 -0.88138700072826970      -0.94154188069735401     
 -0.94154188069735190      -0.77150907415980552     
 -0.77150907415980297      -0.41677505052026820     
 -0.41677505052026226        3.2604357897897021E-002
   3.2604357897902780E-002  0.46502988017324876     
  0.46502988017325064       0.77529323315259979     
  0.77529323315260412       0.89037289583169898     
  0.89037289583169854       0.78671823739506574     
  0.78671823739506763       0.49490940698835317     
  0.49490940698835911        9.0823950160533934E-002
   9.0823950160540512E-002 -0.32417125099090327     
 -0.32417125099089250      -0.64880893131300554     
 -0.64880893131300288      -0.80679066091696527     
 -0.80679066091696527      -0.76479076521512601     
 -0.76479076521512190      -0.53933236500203896     
 -0.53933236500203818      -0.19116773684039123     
 -0.19116773684038560       0.19105489724608601     
  0.19105489724609198       0.51344945941334963     
  0.51344945941335196       0.70005976110216039     
  0.70005976110216039       0.71079410216043637     
  0.71079410216043637       0.54988609742816619     
  0.54988609742817840       0.26314638029151449     
  0.26314638029151854       -7.4885513421897240E-002
  -7.4885513421893618E-002 -0.38032027776615812     
 -0.38032027776615240      -0.58078596733690158     
 -0.58078596733689802      -0.63258027280168738     
 -0.63258027280168816      -0.53004546840050237     
 -0.53004546840050448      -0.30520436968979575     
 -0.30520436968978998       -1.8190807065714874E-002
  -1.8190807065711918E-002  0.25874236456780958     
  0.25874236456781086       0.45940040059433368     
  0.45940040059433462       0.53943753516268866     
  0.53943753516268877       0.48600550494603789     
  0.48600550494603684       0.31920869572299043     
  0.31920869572298988        8.5440439692304790E-002
   8.5440439692315878E-002 -0.15532928087647957     
 -0.15532928087647616      -0.34486778390844519     
 -0.34486778390844330      -0.44069929808181862     
 -0.44069929808181757      -0.42547313138571036     
 -0.42547313138571136      -0.30966070251863259     
 -0.30966070251863570      -0.12731994401822966     
 -0.12731994401823254        7.3616083513958874E-002
   7.3616083513961816E-002  0.24381457838331702     
  0.24381457838331738       0.34456167216103872     
  0.34456167216103872       0.35642044205731988     
  0.35642044205731988       0.28263611200396876     
  0.28263611200396860       0.14680803277303459     
  0.14680803277303139       -1.4215611924742286E-002
  -1.4215611924744062E-002 -0.16016011354022716     
 -0.16016011354022752      -0.25728131778344143     
 -0.25728131778343977      -0.28602428285329135     
 -0.28602428285329162      -0.24468653562196915     
 -0.24468653562197087      -0.14848880510906734     
 -0.14848880510906914       -2.4622036366577692E-002
  -2.4622036366579825E-002   9.5220792441259625E-002
   9.5220792441257751E-002  0.18282065206706810     
  0.18282065206706941       0.21994023917353916     
  0.21994023917353914       0.20190064707349456     
  0.20190064707349339       0.13759493976105358     
  0.13759493976105350        4.6225783164165229E-002
   4.6225783164163779E-002  -4.8171418788702257E-002
  -4.8171418788702403E-002 -0.12290747977366809     
 -0.12290747977366814      -0.16196451526826941     
 -0.16196451526826944      -0.15925159315231191     
 -0.15925159315231305      -0.11918359299430720     
 -0.11918359299430795       -5.4679654210809933E-002
  -5.4679654210810662E-002   1.6704062347781927E-002
   1.6704062347780803E-002   7.7403681625924564E-002
   7.7403681625923648E-002  0.11405072301785626     
  0.11405072301785568       0.12027353484681078     
  0.12027353484681071        9.7552450131947202E-002
   9.7552450131948035E-002   5.4107315838315836E-002
   5.4107315838316537E-002   2.2749874846063217E-003
   2.2749874846085148E-003  -4.4843929616443436E-002
  -4.4843929616441222E-002  -7.6588912944903484E-002
  -7.6588912944902193E-002  -8.7036841310353649E-002
  -8.7036841310353705E-002  -7.5930700656740319E-002
  -7.5930700656740679E-002  -4.8155334567323536E-002
  -4.8155334567322960E-002  -1.2035880080502758E-002
  -1.2035880080502343E-002   2.3009302683299253E-002
   2.3009302683299808E-002   4.8828871891826574E-002
   4.8828871891826886E-002   6.0343048852721799E-002
   6.0343048852721820E-002   5.6418380495924209E-002
   5.6418380495924049E-002   3.9703340541808220E-002
   3.9703340541808109E-002   1.5578049823630962E-002
   1.5578049823630600E-002  -9.4317302511538782E-003
  -9.4317302511541558E-003  -2.9335821044117267E-002
  -2.9335821044117277E-002  -4.0041943478787853E-002
  -4.0041943478787853E-002  -4.0108697076419675E-002
  -4.0108697076419675E-002  -3.0778731769781593E-002
  -3.0778731769781360E-002  -1.5367729679660821E-002
  -1.5367729679660462E-002   1.7688981252523745E-003
   1.7688981252525645E-003   1.6394131512803101E-002
   1.6394131512803164E-002   2.5380048888386790E-002
   2.5380048888386842E-002   2.7314125343709240E-002
   2.7314125343709302E-002   2.2622752114201412E-002
   2.2622752114201769E-002   1.3241635016743615E-002
   1.3241635016744042E-002   1.9679646326032372E-003
   1.9679646326036882E-003  -8.3110314751050872E-003
  -8.3110314751045980E-003  -1.5313199293196026E-002
  -1.5313199293195735E-002  -1.7823828123688244E-002
  -1.7823828123688212E-002  -1.5844633118951127E-002
  -1.5844633118951314E-002  -1.0434241699581117E-002
  -1.0434241699581369E-002  -3.3184364320599873E-003
  -3.3184364320603087E-003   3.6065932529813663E-003
   3.6065932529810094E-003   8.7453029776130235E-003
   8.7453029776130130E-003   1.1139215169316310E-002
   1.1139215169316312E-002   1.0606593770213694E-002
   1.0606593770213694E-002   7.6787485194100783E-003
   7.6787485194100228E-003   3.3759410387172398E-003
   3.3759410387171566E-003  -1.1016213923154118E-003
  -1.1016213923154675E-003  -4.6823112493733152E-003
  -4.6823112493733438E-003  -6.6577183634735021E-003
  -6.6577183634735030E-003  -6.7979484592212598E-003
  -6.7979484592212572E-003  -5.3370830877141773E-003
  -5.3370830877141513E-003  -2.8508336485103002E-003
  -2.8508336485102460E-003  -7.1031117888935638E-005
  -7.1031117888907883E-005   2.3097573304768529E-003
   2.3097573304768533E-003   3.7955824996042096E-003
   3.7955824996042096E-003   4.1746322859333006E-003
   4.1746322859332998E-003   3.5264744553499985E-003
   3.5264744553500072E-003   2.1592945994358850E-003
   2.1592945994358690E-003   5.0257027134431478E-004
   5.0257027134429310E-004  -1.0125779786367489E-003
  -1.0125779786366714E-003  -2.0550691814560855E-003
  -2.0550691814560395E-003  -2.4561995077163204E-003
  -2.4561995077163109E-003  -2.2239243890451806E-003
  -2.2239243890452040E-003  -1.5131780072306195E-003
  -1.5131780072306542E-003  -5.6616163889195651E-004
  -5.6616163889199966E-004   3.5849868335666103E-004
   3.5849868335662428E-004   1.0491588724136853E-003
   1.0491588724136538E-003   1.3832843583114014E-003
   1.3832843583113914E-003   1.3417370689497183E-003
   1.3417370689497281E-003   9.9634467083487932E-004
   9.9634467083489732E-004   4.7805168825949926E-004
   4.7805168825948809E-004  -6.3618254348381400E-005
  -6.3618254348388339E-005  -4.9875426528644593E-004
  -4.9875426528644723E-004  -7.4425037683012452E-004
  -7.4425037683012452E-004  -7.7539879604976447E-004
  -7.7539879604976458E-004  -6.2176306022293526E-004
  -6.2176306022293320E-004  -3.5096721250305757E-004
  -3.5096721250305155E-004  -4.6293383530866210E-005
  -4.6293383530862788E-005   2.1555237955992335E-004
   2.1555237955992438E-004   3.8127613459586847E-004
   3.8127613459586841E-004   4.2938793989278213E-004
   4.2938793989278208E-004   3.6963733398391162E-004
   3.6963733398391097E-004   2.3519619305842958E-004
   2.3519619305842742E-004   7.0715639457550540E-005
   7.0715639457547924E-005  -8.0188776656575964E-005
  -8.0188776656578133E-005  -1.8496461223614232E-004
  -1.8496461223614321E-004  -2.2774008399079862E-004
  -2.2774008399079857E-004  -2.1000040990509645E-004
  -2.1000040990509588E-004  -1.4705974256586248E-004
  -1.4705974256586099E-004  -6.1928899783096020E-005
  -6.1928899783094733E-005   2.1495506520006243E-005
   2.1495506520007327E-005   8.4187559199649516E-005
   8.4187559199649977E-005   1.1553101793782026E-004
   1.1553101793781802E-004   1.1421916721180652E-004
   1.1421916721180737E-004   8.6798048140925767E-005
   8.6798048140927678E-005   4.4641017514029616E-005
   4.4641017514031595E-005   3.6562091195813612E-007
   3.6562091196006916E-007  -3.5355824443691799E-005
  -3.5355824443690457E-005  -5.5915156005619511E-005
  -5.5915156005619524E-005  -5.9523236081531642E-005
  -5.9523236081531459E-005  -4.8686760687418235E-005
  -4.8686760687418174E-005  -2.8778961856878774E-005
  -2.8778961856878489E-005  -6.2182840197169007E-006
  -6.2182840197165424E-006   1.3238647682335140E-005
   1.3238647682335306E-005   2.5710046649111775E-005
   2.5710046649111870E-005   2.9720196724532596E-005
   2.9720196724532589E-005   2.6059745296531365E-005
   2.6059745296531310E-005   1.7142488900566894E-005
   1.7142488900566711E-005   6.1116202410711263E-006
   6.1116202410709662E-006  -4.0433170536588466E-006
  -4.0433170536589821E-006  -1.1152967331315060E-005
  -1.1152967331315124E-005  -1.4205489074006056E-005
  -1.4205489074006051E-005  -1.3342865803618409E-005
  -1.3342865803618372E-005  -9.5874613357654520E-006
  -9.5874613357653537E-006  -4.4191456039955154E-006
  -4.4191456039954324E-006   6.6631862045228433E-007
   6.6631862045233896E-007   4.5097497642639498E-006
   4.5097497642639718E-006   6.4876666322181828E-006
   6.4876666322181828E-006   6.5435946142414337E-006
   6.5435946142414328E-006   5.0798174184166499E-006
   5.0798174184166279E-006   2.7648114168177325E-006
   2.7648114168179497E-006   3.1974041071257931E-007
   3.1974041071281140E-007  -1.6612455612662873E-006
  -1.6612455612662050E-006  -2.8219352942209214E-006
  -2.8219352942208867E-006  -3.0750441789414252E-006
  -3.0750441789414396E-006  -2.5634118707524854E-006
  -2.5634118707525265E-006  -1.5758290643107679E-006
  -1.5758290643108122E-006  -4.4727811692549685E-007
  -4.4727811692548542E-007   5.2950237078257426E-007
   5.2950237078257765E-007   1.1628425964454716E-006
   1.1628425964454729E-006   1.3841231330422231E-006
   1.3841231330422233E-006   1.2359937537322871E-006
   1.2359937537322873E-006   8.3719314809505767E-007
   8.3719314809504645E-007   3.3752748011175043E-007
   3.3752748011174524E-007  -1.2417301917136353E-007
  -1.2417301917136776E-007  -4.4991128293421294E-007
  -4.4991128293421421E-007  -5.9596112029947261E-007
  -5.9596112029947261E-007  -5.7049704997756175E-007
  -5.7049704997756186E-007  -4.1961947634680096E-007
  -4.1961947634679816E-007  -2.0774858027469205E-007
  -2.0774858027468924E-007   1.6937804798181301E-009
   1.6937804798209551E-009   1.6083944694947526E-007
   1.6083944694947529E-007   2.4486109370855453E-007
   2.4486109370855458E-007   2.5229467844802793E-007
   2.5229467844802793E-007   1.9981472892713395E-007
   1.9981472892713334E-007   1.1400710558648493E-007
   1.1400710558648314E-007   2.2788789598353215E-008
   2.2788789598352159E-008  -5.1423661472839366E-008
  -5.1423661472839572E-008  -9.5610785124224776E-008
  -9.5610785124224763E-008  -1.0690339830273928E-007
  -1.0690339830273875E-007  -9.0775965343281381E-008
  -9.0775965343282890E-008  -5.7726794772790938E-008
  -5.7726794772792526E-008  -1.9594610773298457E-008
  -1.9594610773300085E-008   1.3533471122042099E-008
   1.3533471122040908E-008   3.5240935552860536E-008
   3.5240935552859821E-008   4.3366021707123390E-008
   4.3366021707123396E-008   3.9444237808365250E-008
   3.9444237808365243E-008   2.7424082112754486E-008
   2.7424082112754264E-008   1.2139273683387179E-008
   1.2139273683387004E-008  -2.0422967323463226E-009
  -2.0422967323464537E-009  -1.2119624692304873E-008
  -1.2119624692304874E-008  -1.6811299116989961E-008
  -1.6811299116989964E-008  -1.6415763721499578E-008
  -1.6415763721499578E-008  -1.2337142337294247E-008
  -1.2337142337294165E-008  -6.4734437093647329E-009
  -6.4734437093646121E-009  -6.4625951561700520E-010
  -6.4625951561693902E-010   3.8045720079371992E-009
   3.8045720079372108E-009   6.2085321544510342E-009
   6.2085321544510334E-009   6.5464465739776221E-009
   6.5464465739776221E-009   5.2845695776239041E-009
   5.2845695776238909E-009   3.1383093149003488E-009
   3.1383093149003066E-009   8.3957748738262125E-010
   8.3957748738259912E-010  -1.0384525948527783E-009
  -1.0384525948527841E-009  -2.1730660813503121E-009
  -2.1730660813503121E-009  -2.5006939232016928E-009
  -2.5006939232016928E-009  -2.1625402550926528E-009
  -2.1625402550926532E-009  -1.4167235971793465E-009
  -1.4167235971793352E-009  -5.4654898072511639E-010
  -5.4654898072519456E-010   2.1246353563014623E-010
   2.1246353563007941E-010   7.1465992519879235E-010
   7.1465992519877902E-010   9.1386856095156228E-010
   9.1386856095156362E-010   8.4707344200776739E-010
   8.4707344200777670E-010   6.0303213040212570E-010
   6.0303213040213738E-010   2.8732870464517881E-010
   2.8732870464519184E-010  -6.9348766617397250E-012
  -6.9348766617430354E-012  -2.1745327858366983E-010
  -2.1745327858367048E-010  -3.1874964812979163E-010
  -3.1874964812979163E-010  -3.1789444437251612E-010
  -3.1789444437251617E-010  -2.4377561602730090E-010
  -2.4377561602729842E-010  -1.3423941025036095E-010
  -1.3423941025035924E-010  -2.4724948735114725E-011
  -2.4724948735113429E-011   5.9347123192637654E-011
   5.9347123192638106E-011   1.0569134251748742E-010
   1.0569134251748741E-010   1.1430974859573881E-010
   1.1430974859573875E-010   9.3998722635208598E-011
   9.3998722635208391E-011   5.7782922981138648E-011
   5.7782922981137962E-011   1.8657554790524298E-011
   1.8657554790523781E-011  -1.3445006021340179E-011
  -1.3445006021340406E-011  -3.3098922562629007E-011
  -3.3098922562629065E-011  -3.9354273219222168E-011
  -3.9354273219222175E-011  -3.4663361712927972E-011
  -3.4663361712927978E-011  -2.3318161989242347E-011
  -2.3318161989242160E-011  -9.9090081235055477E-012
  -9.9090081235053813E-012   1.8379632161602457E-012
   1.8379632161603742E-012   9.6805480047303636E-012
   9.6805480047304202E-012   1.2949641142682690E-011
   1.2949641142682690E-011   1.2242193462409809E-011
   1.2242193462409899E-011   8.9068451058181471E-012
   8.9068451058183619E-012   4.5047722585733200E-012
   4.5047722585735413E-012   3.8038977820127094E-013
   3.8038977820142690E-013  -2.5892627208050090E-012
  -2.5892627208048923E-012  -4.0603732909654169E-012
  -4.0603732909653919E-012  -4.1429789999379699E-012
  -4.1429789999379691E-012  -3.2385399215328919E-012
  -3.2385399215328801E-012  -1.8577554415084827E-012
  -1.8577554415084726E-012  -4.6762499221656339E-013
  -4.6762499221654733E-013   6.0491463410722486E-013
   6.0491463410722738E-013   1.2071071505131641E-012
   1.2071071505131641E-012   1.3430652048769718E-012
   1.3430652048769720E-012   1.1247701276589936E-012
   1.1247701276589936E-012   7.1264172937144463E-013
   7.1264172937144039E-013   2.6292937905948475E-013
   2.6292937905947672E-013  -1.0772014722361891E-013
  -1.0772014722362294E-013  -3.3741758503331466E-013
  -3.3741758503331471E-013  -4.1657801870484004E-013
  -4.1657801870484004E-013  -3.7388834628428590E-013
  -3.7388834628428585E-013  -2.5761066637574868E-013
  -2.5761066637574701E-013  -1.1810053648335696E-013
  -1.1810053648335535E-013   4.6979754458357617E-015
   4.6979754458373750E-015   8.7374697792547919E-014
   8.7374697792547919E-014   1.2334451955801994E-013
   1.2334451955801994E-013   1.1907240226238614E-013
   1.1907240226238617E-013   8.8409478612863656E-014
   8.8409478612863025E-014   4.6980444401250699E-014
   4.6980444401250024E-014   7.9369497212775624E-015
   7.9369497212810933E-015  -2.0350065207728689E-014
  -2.0350065207726145E-014  -3.4729724116362032E-014
  -3.4729724116361710E-014  -3.6335160688537135E-014
  -3.6335160688537457E-014  -2.8934980441959362E-014
  -2.8934980441960044E-014  -1.7192490983131699E-014
  -1.7192490983132305E-014  -5.2757158911479745E-015
  -5.2757158911484430E-015   3.9650230413135600E-015
   3.9650230413135758E-015   9.2404102843587994E-015
   9.2404102843587994E-015   1.0616549173223071E-014
   1.0616549173223071E-014   9.0554565996049594E-015
   9.0554565996049594E-015   5.8937204578868686E-015
   5.8937204578868086E-015   2.4034904206539115E-015
   2.4034904206538638E-015  -4.8681739927075604E-016
  -4.8681739927078750E-016  -2.2981996660019766E-015
  -2.2981996660019932E-015  -2.9652294709299561E-015
  -2.9652294709299561E-015  -2.7140060770450844E-015
  -2.7140060770450683E-015  -1.9115058381363719E-015
  -1.9115058381363478E-015  -9.3169647684435677E-016
  -9.3169647684434119E-016  -6.4711026808155558E-017
  -6.4711026808147744E-017   5.2366277398078994E-016
   5.2366277398079339E-016   7.8936670274466999E-016
   7.8936670274466989E-016   7.7942216269680843E-016
   7.7942216269680646E-016   5.8997964023926964E-016
   5.8997964023926352E-016   3.2687805444959795E-016
   3.2687805444959494E-016   7.7270174932714271E-017
   7.7270174932711325E-017  -1.0466760340161988E-016
  -1.0466760340162073E-016  -1.9931534401002670E-016
  -1.9931534401002663E-016  -2.1442952517579716E-016
  -2.1442952517579726E-016  -1.7390611226123373E-016
  -1.7390611226123797E-016  -1.0655726347911416E-016
  -1.0655726347911711E-016  -3.7577162625306787E-017
  -3.7577162625309561E-017   1.6188794373974683E-017
   1.6188794373972767E-017   4.7351507074332647E-017
   4.7351507074331686E-017   5.6448977591036074E-017
   5.6448977591036222E-017   4.9058689040201193E-017
   4.9058689040201107E-017   3.2713365176437379E-017
   3.2713365176436997E-017   1.4426177767285915E-017
   1.4426177767285675E-017  -7.9496995222182260E-019
  -7.9496995222194596E-019  -1.0434125862592310E-017
  -1.0434125862592354E-017  -1.4188311988384014E-017
  -1.4188311988384018E-017  -1.3258446928530303E-017
  -1.3258446928530279E-017  -9.5313154547770175E-018
  -9.5313154547769451E-018  -4.8869818058103216E-018
  -4.8869818058102415E-018  -7.5328031184632228E-019
  -7.5328031184627500E-019   2.0733504263377044E-018
   2.0733504263377248E-018   3.3922940593969493E-018
   3.3922940593969505E-018   3.4333895508912669E-018
   3.4333895508912623E-018   2.6477342354850834E-018
   2.6477342354850591E-018   1.5205266375627259E-018
   1.5205266375627058E-018   4.4298031052039752E-019
   4.4298031052038491E-019  -3.4714436997071583E-019
  -3.4714436997072262E-019  -7.6679824146111969E-019
  -7.6679824146111969E-019  -8.5138159379999062E-019
  -8.5138159379999043E-019  -7.0323825798780797E-019
  -7.0323825798780701E-019  -4.4280956752692812E-019
  -4.4280956752692215E-019  -1.7322892745007873E-019
  -1.7322892745007539E-019   3.8016081430648001E-020
   3.8016081430650469E-020   1.6216438444706634E-019
   1.6216438444706930E-019   2.0183821377902761E-019
   2.0183821377903047E-019   1.7886106462780631E-019
   1.7886106462780858E-019   1.2194648899012245E-019
   1.2194648899012310E-019   5.7271240710021897E-020
   5.7271240710022306E-020   3.1415966339706981E-021
   3.1415966339702851E-021  -3.1473069016931736E-020
  -3.1473069016931790E-020  -4.5617145371365979E-020
  -4.5617145371365979E-020  -4.3589888442103777E-020
  -4.3589888442103783E-020  -3.1950131497947124E-020
  -3.1950131497946769E-020  -1.7095649813281419E-020
  -1.7095649813281251E-020  -3.7871767228570663E-021
  -3.7871767228569068E-021   5.3797429183714712E-021
   5.3797429183714780E-021   9.7827005608267956E-021
   9.7827005608267956E-021   1.0177079550482041E-020
   1.0177079550482040E-020   7.9931371239936651E-021
   7.9931371239935883E-021   4.7360856892818611E-021
   4.7360856892818197E-021   1.5953912507650140E-021
   1.5953912507649830E-021  -7.2138033772485980E-022
  -7.2138033772486318E-022  -1.9751482493472595E-021
  -1.9751482493472595E-021  -2.2738574284892798E-021
  -2.2738574284892794E-021  -1.9135641930191807E-021
  -1.9135641930191807E-021  -1.2348778336230227E-021
  -1.2348778336230135E-021  -5.2368674666172786E-022
  -5.2368674666171431E-022   3.6729987189737196E-023
   3.6729987189744690E-023   3.7032345336412302E-022
   3.7032345336412358E-022   4.8515758775531026E-022
   4.8515758775531026E-022   4.3886159976598056E-022
   4.3886159976598056E-022   3.0545830582626016E-022
   3.0545830582626425E-022   1.5109436857636773E-022
   1.5109436857636851E-022   2.1117621324707500E-023
   2.1117621324706418E-023  -6.2766937134597522E-023
  -6.2766937134599215E-023  -9.8495573411627548E-023
  -9.8495573411628935E-023  -9.6443147309634505E-023
  -9.6443147309635681E-023  -7.2023683537640747E-023
  -7.2023683537641100E-023  -3.9972732332192222E-023
  -3.9972732332195296E-023  -1.1044043216886075E-023
  -1.1044043216888448E-023   9.0239376815305578E-024
   9.0239376815287681E-024   1.8914063724372024E-023
   1.8914063724371151E-023   2.0296201608270251E-023
   2.0296201608270313E-023   1.6234801346541110E-023
   1.6234801346541396E-023   9.8895360682307744E-024
   9.8895360682313622E-024   3.7098360532223466E-024
   3.7098360532228910E-024  -8.7643205445958651E-025
  -8.7643205445917912E-025  -3.4009938184657084E-024
  -3.4009938184655115E-024  -4.0840718692889279E-024
  -4.0840718692888728E-024  -3.5040815646350633E-024
  -3.5040815646351221E-024  -2.3126208686639939E-024
  -2.3126208686641012E-024  -1.0462981268674381E-024
  -1.0462981268675505E-024  -4.2503098175043144E-026
  -4.2503098175035206E-026   5.6213996079946340E-025
   5.6213996079945771E-025   7.8363620935127655E-025
   7.8363620935126553E-025   7.2468925189279978E-025
   7.2468925189278334E-025   5.1434656262176707E-025
   5.1434656262175485E-025   2.6575791980487197E-025
   2.6575791980486352E-025   5.5043680461268186E-026
   5.5043680461265581E-026  -8.2141088090553330E-026
  -8.2141088090553697E-026  -1.4272529863650936E-025
  -1.4272529863650936E-025  -1.4358630492809533E-025
  -1.4358630492809533E-025  -1.0921212628764623E-025
  -1.0921212628764529E-025  -6.2571949728080611E-026
  -6.2571949728080106E-026  -2.0121061890118396E-026
  -2.0121061890118058E-026   9.5335648147920933E-027
   9.5335648147923114E-027   2.4488788439467567E-026
   2.4488788439467564E-026   2.7228147524667336E-026
   2.7228147524667331E-026   2.2188255346527892E-026
   2.2188255346527743E-026   1.3856691324023926E-026
   1.3856691324023754E-026   5.6494580805132183E-027
   5.6494580805131078E-027  -4.7961166049493163E-028
  -4.7961166049498894E-028  -3.9062949190386393E-027
  -3.9062949190386429E-027  -4.9314727298763509E-027
  -4.9314727298763516E-027  -4.3183309102526324E-027
  -4.3183309102526331E-027  -2.9100184142816570E-027
  -2.9100184142816358E-027  -1.3884719501027308E-027
  -1.3884719501027103E-027  -1.7466672294384004E-028
  -1.7466672294382576E-028   5.6461230179260943E-028
   5.6461230179261257E-028   8.5010347881392889E-028
   8.5010347881392889E-028   8.0532666093841404E-028
   8.0532666093841251E-028   5.8240592264076278E-028
   5.8240592264075919E-028   3.1235381038199959E-028
   3.1235381038199779E-028   8.1747174891418893E-029
   8.1747174891416483E-029  -6.9653219190875652E-029
  -6.9653219190875842E-029  -1.3867681318191688E-028
  -1.3867681318191688E-028  -1.4383187104760377E-028
  -1.4383187104760377E-028  -1.1141501097606761E-028
  -1.1141501097606651E-028  -6.5654650195899302E-029
  -6.5654650195900603E-029  -2.3606690288119915E-029
  -2.3606690288120204E-029   5.9712854203894379E-030
   5.9712854203898310E-030   2.1200273799162976E-029
   2.1200273799163579E-029   2.4565670667349562E-029
   2.4565670667349912E-029   2.0407320136112951E-029
   2.0407320136113021E-029   1.3037086783132939E-029
   1.3037086783132956E-029   5.6810291678385060E-030
   5.6810291678390420E-030   1.5191157827093218E-031
   1.5191157827136691E-031  -2.9838268441081662E-030
  -2.9838268441078873E-030  -4.0016452341490590E-030
  -4.0016452341489644E-030  -3.5815498542809642E-030
  -3.5815498542809971E-030  -2.4614232695003597E-030
  -2.4614232695004729E-030  -1.2279639656003071E-030
  -1.2279639656004125E-030  -2.3717551622592095E-031
  -2.3717551622599881E-031   3.7258573829518140E-031
   3.7258573829513305E-031   6.1896822558089107E-031
   6.1896822558086839E-031   6.0221877798086804E-031
   6.0221877798086865E-031   4.4358359353121266E-031
   4.4358359353122317E-031   2.4573238276566586E-031
   2.4573238276568473E-031   7.5379910141171642E-032
   7.5379910141185305E-032  -3.7375042953105089E-032
  -3.7375042953104864E-032  -9.0248178426465534E-032
  -9.0248178426464275E-032  -9.6921685261557922E-032
  -9.6921685261554988E-032  -7.6481469943299537E-032
  -7.6481469943296986E-032  -4.6220136784320828E-032
  -4.6220136784319284E-032  -1.8111338757101279E-032
  -1.8111338757097907E-032   1.8002983842935809E-033
   1.8002983842954991E-033   1.2246478309735643E-032
   1.2246478309736246E-032   1.4900904170063541E-032
   1.4900904170063379E-032   1.2631580135092642E-032
   1.2631580135092114E-032   8.2410746713923731E-033
   8.2410746713917121E-033   3.7923151337796496E-033
   3.7923151337791282E-033   4.2558903501630416E-034
   4.2558903501597128E-034  -1.5091768130611962E-033
  -1.5091768130613274E-033  -2.1810192814947517E-033
  -2.1810192814948485E-033  -1.9990575328851921E-033
  -1.9990575328851425E-033  -1.3999918913985813E-033
  -1.3999918913984563E-033  -7.2550681001649089E-034
  -7.2550681001635447E-034  -1.7962804251315418E-034
  -1.7962804251305071E-034   1.5965382816771136E-034
   1.5965382816776958E-034   3.0223130956637839E-034
   3.0223130956640063E-034   3.0300204166511438E-034
   3.0300204166511198E-034   2.2729639868794667E-034
   2.2729639868794492E-034   1.2956415835013994E-034
   1.2956415835013892E-034   4.4632441467622568E-035
   4.4632441467621883E-035  -1.2032947993343078E-035
  -1.2032947993343503E-035  -3.9279401867175412E-035
  -3.9279401867175407E-035  -4.3924770667407103E-035
  -4.3924770667407108E-035  -3.5330606621285815E-035
  -3.5330606621285537E-035  -2.1847268365366547E-035
  -2.1847268365366387E-035  -9.1674192650142049E-036
  -9.1674192650140218E-036  -1.2092163176886437E-037
  -1.2092163176875787E-037   4.7068685326378448E-036
   4.7068685326378722E-036   6.0743660570043853E-036
   6.0743660570043867E-036   5.2619092774141472E-036
   5.2619092774141478E-036   3.5015773340044932E-036
   3.5015773340044531E-036   1.6864823634307196E-036
   1.6864823634306928E-036   3.0287596224395340E-037
   3.0287596224394012E-037  -5.0208204133684286E-037
  -5.0208204133684561E-037  -7.9792474376764838E-037
  -7.9792474376764838E-037  -7.5083955359847885E-037
  -7.5083955359847659E-037  -5.3558810648655374E-037
  -5.3558810648654881E-037  -2.8685772523465154E-037
  -2.8685772523464832E-037  -8.3880338874209185E-038
  -8.3880338874207515E-038   4.3473566393052035E-038
   4.3473566393052103E-038   9.8858700879966985E-038
   9.8858700879966985E-038   1.0255860189094495E-037
   1.0255860189094495E-037   7.8368615253015657E-038
   7.8368615253015218E-038   4.5828789699649184E-038
   4.5828789699648667E-038   1.7254252060126791E-038
   1.7254252060126575E-038  -1.9614539792904287E-039
  -1.9614539792905334E-039  -1.1410989894444817E-038
  -1.1410989894444817E-038  -1.3384163700399184E-038
  -1.3384163700399184E-038  -1.0983806681888832E-038
  -1.0983806681888729E-038  -6.9377057015780887E-039
  -6.9377057015780104E-039  -3.0785575276783026E-039
  -3.0785575276782504E-039  -3.0486149535884446E-040
  -3.0486149535881844E-040   1.1986956551816797E-039
   1.1986956551817627E-039   1.6633383275512856E-039
   1.6633383275512860E-039   1.4751328104549867E-039
   1.4751328104549358E-039   1.0004014234550107E-039
   1.0004014234549375E-039   5.0089463172332188E-040
   5.0089463172325418E-040   1.1716089549576672E-040
   1.1716089549572657E-040  -1.0867788541513488E-040
  -1.0867788541514995E-040  -1.9579109280305066E-040
  -1.9579109280305348E-040  -1.8975194994398925E-040
  -1.8975194994398432E-040  -1.3784575436361025E-040
  -1.3784575436360162E-040  -7.6003433688862545E-041
  -7.6003433688854960E-041  -2.5072036703168504E-041
  -2.5072036703162926E-041   7.1765850443948799E-042
   7.1765850443975601E-042   2.1631091322564229E-041
   2.1631091322564956E-041   2.3347283541880719E-041
   2.3347283541880607E-041   1.8183166786394369E-041
   1.8183166786393337E-041   1.0883126558830546E-041
   1.0883126558829217E-041   4.3965421144604160E-042
   4.3965421144592416E-042  -1.9590205511803740E-046
  -1.9590205588220380E-046  -2.2066071340878064E-042
  -2.2066071340881818E-042  -2.7409568374805833E-042
  -2.7409568374806283E-042  -2.2981000744709426E-042
  -2.2981000744708139E-042  -1.4807706065799799E-042
  -1.4807706065799729E-042  -6.8845037967294113E-043
  -6.8845037967293205E-043  -1.1458539611104525E-043
  -1.1458539611103948E-043   2.0101130429754255E-043
   2.0101130429754319E-043   3.0576139274565182E-043
   3.0576139274565182E-043   2.7828622764459147E-043
   2.7828622764459147E-043   1.9223702105043517E-043
